1 22 13
1 33 1
1 75 27
1 76 48
1 36 15
1 38 27
1 402 37
2 22 13
2 33 1
2 75 30
2 76 54
2 36 15
2 38 31
2 402 20
3 22 1
3 33 1
3 75 30
3 76 65
3 36 15
3 38 31
3 80 32
3 572 50
3 438 1
3 402 20
4 10 1
4 52 9
4 53 38
4 83 46
4 99 22
4 163 30
4 232 13
4 424 25
4 481 28
4 517 46
4 154 18
4 225 12
4 394 40
5 10 1
5 52 1
5 53 42
5 83 56
5 99 24
5 163 33
5 232 13
5 424 28
5 481 32
5 517 54
5 154 20
5 225 12
5 394 54
6 10 1
6 52 1
6 53 46
6 83 55
6 99 24
6 163 36
6 17 36
6 232 1
6 257 1
6 337 1
6 394 66
6 403 1
6 421 1
6 424 28
6 481 32
6 517 62
6 154 20
6 242 1
6 225 12
7 33 1
7 44 22
7 55 15
7 56 42
7 130 35
7 145 8
7 229 23
7 352 25
7 401 28
7 29 36
7 61 27
8 33 1
8 44 24
8 55 15
8 56 47
8 130 39
8 145 1
8 229 25
8 352 28
8 401 32
8 29 46
8 61 33
9 33 1
9 44 24
9 55 1
9 56 52
9 130 42
9 145 1
9 229 25
9 352 28
9 401 32
9 430 1
9 29 54
9 61 33
9 252 1
9 453 1
10 33 1
10 450 15
12 60 32
12 93 1
12 16 28
12 318 47
12 405 40
12 403 43
12 33 1
12 450 1
13 40 1
13 450 15
15 31 1
15 41 20
15 42 30
15 99 25
15 228 30
15 372 34
15 398 37
15 565 45
15 474 23
15 64 1
15 200 31
16 16 1
16 17 28
16 98 12
16 33 1
16 239 21
16 403 49
16 542 53
16 13 29
17 16 1
17 17 31
17 98 12
17 33 1
17 239 22
17 403 57
17 542 62
17 13 45
18 16 1
18 17 31
18 98 1
18 33 1
18 239 22
18 403 62
18 542 68
18 13 53
18 143 1
18 257 1
19 33 1
19 98 7
19 158 14
19 228 27
19 38 31
19 44 10
19 242 22
19 372 25
19 389 19
20 33 1
20 98 1
20 158 14
20 228 30
20 38 39
20 44 10
20 242 24
20 372 29
20 389 19
20 154 1
21 31 15
21 64 1
21 65 29
21 228 25
21 332 25
21 372 29
22 31 15
22 64 1
22 65 34
22 228 26
22 332 17
22 365 1
22 372 35
22 529 53
22 98 1
22 143 1
23 35 1
23 40 10
23 44 17
23 51 38
23 426 28
23 441 41
23 491 28
23 562 38
23 21 28
23 398 24
24 35 1
24 40 1
24 44 17
24 51 47
24 242 22
24 422 1
24 423 1
24 424 1
24 426 34
24 441 56
24 491 32
24 562 48
24 21 36
24 389 1
24 398 28
27 10 1
27 40 24
27 129 31
27 154 38
27 163 17
27 328 45
27 205 21
27 210 25
27 229 13
27 89 46
27 91 30
27 523 18
28 10 1
28 40 27
28 129 36
28 154 47
28 163 17
28 328 52
28 205 21
28 210 28
28 229 13
28 306 22
28 89 46
28 91 30
28 523 18
29 10 8
29 24 43
29 33 1
29 40 14
29 44 29
29 154 36
29 242 47
29 305 45
29 414 55
30 10 1
30 24 50
30 33 1
30 40 14
30 44 32
30 154 41
30 242 53
30 305 58
30 414 71
31 10 1
31 33 1
31 34 1
31 40 14
31 24 12
31 276 43
31 414 43
31 498 23
31 44 1
31 154 1
31 242 1
32 24 43
32 30 8
32 31 29
32 33 1
32 40 14
32 64 1
32 398 37
32 414 55
33 24 50
33 30 1
33 31 32
33 33 1
33 40 14
33 64 1
33 398 43
33 414 71
34 30 1
34 33 1
34 37 1
34 40 1
34 24 12
34 64 1
34 224 43
34 414 43
34 498 23
34 31 1
34 398 1
35 1 1
35 3 18
35 309 45
35 358 22
35 500 43
35 34 40
35 574 1
35 585 46
36 3 1
36 574 1
36 1 1
36 309 1
36 500 1
36 585 1
39 1 9
39 3 24
39 34 34
39 38 39
39 205 19
39 304 44
39 358 37
39 496 17
39 574 50
39 343 8
39 497 4
39 583 40
40 3 1
40 38 1
40 583 1
40 1 1
40 34 1
40 304 1
40 343 1
40 496 1
40 497 1
40 574 1
41 17 28
41 44 15
41 141 1
41 305 41
41 310 11
41 314 31
41 403 41
41 512 33
41 129 23
41 474 37
41 71 1
42 17 32
42 44 1
42 141 1
42 305 49
42 310 1
42 314 35
42 403 51
42 512 39
42 129 24
42 474 43
42 71 1
42 98 1
42 242 0
43 51 24
43 71 1
43 76 46
43 80 33
43 72 21
43 202 37
43 585 43
43 75 18
44 51 28
44 71 1
44 76 52
44 80 38
44 72 23
44 202 47
44 572 50
44 75 18
44 585 45
45 51 1
45 80 1
45 71 1
45 72 1
45 76 65
45 572 50
45 202 1
45 585 1
46 10 1
46 141 20
46 163 34
46 202 43
46 404 43
46 210 17
46 71 11
46 154 15
47 10 1
47 141 1
47 163 39
47 202 55
47 404 55
47 440 1
47 210 17
47 71 1
47 154 15
48 33 1
48 60 35
48 94 43
48 141 27
48 93 19
48 305 41
48 324 35
48 428 37
49 33 1
49 60 38
49 94 50
49 141 1
49 93 1
49 16 31
49 318 1
49 305 47
49 324 37
49 405 59
49 428 41
50 10 1
50 89 40
50 91 19
50 163 31
50 189 25
50 154 21
50 310 7
50 389 23
50 414 26
50 426 29
50 523 18
51 10 1
51 89 47
51 91 1
51 163 35
51 161 1
51 189 25
51 328 26
51 154 21
51 310 7
51 389 23
51 400 1
51 414 28
51 426 33
51 523 18
52 6 17
52 10 1
52 44 12
52 154 33
52 163 44
52 185 28
52 252 50
52 372 41
52 400 49
52 364 54
52 583 35
53 6 17
53 10 1
53 44 1
53 154 37
53 163 51
53 185 29
53 252 59
53 372 49
53 400 61
53 408 32
53 364 68
53 129 28
53 583 1
54 10 1
54 56 52
54 93 36
54 154 43
54 55 9
54 352 22
54 428 40
54 401 32
54 57 36
54 60 27
55 10 1
55 56 59
55 93 39
55 154 48
55 55 1
55 352 22
55 428 44
55 453 1
55 401 32
55 57 42
55 60 27
56 2 15
56 10 1
56 37 39
56 154 21
56 238 39
56 343 1
56 370 49
56 372 25
56 200 47
56 228 12
56 707 43
56 369 29
57 2 1
57 10 1
57 37 46
57 154 1
57 99 28
57 238 45
57 370 59
57 372 25
57 200 53
57 228 12
57 707 48
57 369 33
60 3 25
60 34 31
60 55 19
60 56 45
60 145 1
60 61 25
60 341 28
60 358 35
60 426 41
60 1 4
60 38 54
60 414 36
61 3 26
61 34 33
61 55 1
61 56 49
61 145 1
61 61 27
61 341 32
61 358 43
61 426 53
61 1 1
61 38 66
61 414 40
62 3 1
62 34 1
62 55 1
62 66 1
62 61 1
62 223 43
62 509 53
62 1 1
62 145 1
62 276 57
62 38 1
62 56 1
62 341 1
62 414 1
64 60 27
64 93 1
64 94 38
64 248 31
64 427 34
64 473 30
66 2 1
66 66 46
66 233 31
66 238 37
66 223 49
66 279 25
66 358 34
66 490 13
66 282 21
66 530 31
66 276 36
66 280 21
66 38 52
66 70 29
67 2 1
67 66 52
67 233 34
67 238 43
67 223 59
67 279 25
67 358 36
67 490 13
67 282 21
67 530 33
67 276 48
67 280 21
67 38 66
67 70 31
68 2 1
68 66 52
68 233 34
68 238 43
68 223 59
68 279 25
68 358 36
68 490 13
68 282 21
68 530 33
68 70 0
68 276 48
68 280 21
68 38 66
69 21 42
69 22 1
69 35 13
69 51 26
69 75 33
69 282 27
69 398 41
70 21 49
70 22 1
70 35 1
70 51 29
70 75 38
70 282 27
70 398 47
71 35 13
71 51 1
71 75 1
71 22 1
71 437 47
71 348 47
71 536 27
71 141 1
71 389 1
71 438 1
71 499 1
72 35 13
72 40 18
72 51 1
72 55 22
72 56 48
72 132 27
72 61 25
72 352 29
72 398 33
72 482 50
72 491 26
72 506 43
72 362 34
72 57 27
73 35 1
73 40 18
73 51 1
73 55 22
73 56 50
73 132 27
73 61 25
73 352 29
73 398 36
73 482 56
73 491 26
73 506 47
73 362 36
73 57 27
74 33 1
74 88 16
74 89 31
74 120 21
74 153 36
74 205 31
74 38 46
74 350 31
74 444 39
74 479 25
74 523 32
74 36 15
74 157 23
75 33 1
75 88 16
75 89 36
75 120 21
75 153 43
75 205 34
75 38 62
75 350 37
75 444 49
75 479 27
75 523 36
75 36 15
75 157 23
77 23 32
77 36 43
77 52 1
77 83 39
77 33 1
77 126 53
77 340 45
77 98 1
77 394 48
77 172 15
77 488 21
77 517 33
77 24 15
78 23 1
78 36 47
78 52 1
78 83 39
78 31 40
78 33 1
78 126 61
78 340 50
78 98 1
78 224 1
78 394 58
78 398 1
78 172 15
78 488 21
78 517 33
78 24 15
78 684 0
79 29 22
79 55 33
79 93 1
79 94 48
79 33 1
79 352 29
79 428 34
79 57 36
80 29 1
80 55 33
80 93 1
80 94 55
80 33 1
80 352 29
80 428 34
80 23 1
80 57 36
81 33 1
81 84 25
81 129 41
81 192 45
81 209 26
81 429 43
81 435 38
81 443 30
81 430 35
81 85 26
81 87 44
82 33 1
82 84 1
82 129 46
82 192 53
82 161 35
82 209 26
82 429 46
82 435 40
82 443 30
82 430 39
82 85 26
82 87 56
84 31 24
84 64 1
84 65 30
84 99 36
84 161 40
84 228 9
84 253 33
84 98 5
84 458 32
84 37 50
84 365 21
84 26 40
85 31 1
85 64 1
85 65 30
85 99 39
85 161 45
85 228 1
85 253 38
85 98 1
85 365 1
85 37 60
85 26 43
85 458 22
86 29 1
86 36 45
86 58 50
86 62 35
86 196 17
86 291 41
86 362 33
86 401 43
86 420 17
86 453 31
86 38 50
86 127 32
87 29 1
87 36 50
87 58 56
87 62 1
87 196 1
87 324 1
87 291 41
87 362 33
87 401 43
87 420 17
87 453 31
87 38 62
87 127 32
87 252 1
88 1 1
88 124 37
88 188 50
88 189 7
88 426 23
88 441 44
88 482 44
88 562 46
89 1 1
89 124 37
89 188 60
89 189 1
89 426 23
89 441 54
89 482 50
89 562 53
89 585 1
90 33 1
90 58 50
90 62 30
90 128 23
90 333 8
90 250 37
90 362 44
90 420 28
90 56 61
90 534 32
90 55 1
91 62 1
91 128 1
91 131 50
91 556 52
91 56 1
91 33 1
91 41 1
91 55 1
91 58 1
91 250 1
91 333 0
91 420 1
91 534 1
92 122 1
92 138 35
92 247 36
92 371 26
92 389 22
92 399 36
92 506 43
92 123 1
93 122 1
93 138 38
93 325 25
93 247 45
93 371 28
93 389 22
93 399 44
93 506 55
93 123 1
95 20 15
95 21 33
95 33 1
95 88 19
95 99 25
95 38 57
95 231 45
95 328 49
95 225 30
95 317 17
95 444 49
95 479 22
95 91 43
95 157 34
95 89 35
96 1 1
96 29 24
96 93 17
96 94 32
96 248 45
96 60 26
96 428 50
96 473 57
96 485 37
96 358 29
96 138 40
97 1 1
97 29 24
97 93 1
97 94 37
97 248 60
97 60 28
97 428 64
97 473 57
97 485 37
97 358 29
97 138 55
98 11 20
98 23 30
98 145 1
98 152 35
98 341 23
98 21 35
98 61 15
98 232 21
98 362 39
98 55 1
98 534 32
99 11 1
99 23 34
99 145 1
99 152 42
99 341 23
99 232 1
99 21 44
99 61 15
99 362 51
99 55 1
99 359 1
99 534 36
100 33 1
100 120 22
100 129 36
100 153 43
100 205 29
100 209 21
100 451 26
100 435 37
100 84 9
100 85 31
101 33 1
101 120 22
101 129 40
101 153 50
101 205 29
101 209 21
101 451 26
101 435 41
101 84 1
101 85 36
102 76 42
102 140 1
102 93 19
102 253 1
102 94 47
102 331 17
102 326 47
102 60 27
102 71 1
102 72 15
102 202 35
104 37 38
104 99 46
104 125 1
104 155 43
104 29 18
104 198 41
104 206 33
104 38 45
104 514 47
104 707 37
104 189 1
105 37 41
105 99 55
105 125 1
105 155 48
105 29 18
105 198 53
105 206 39
105 38 61
105 514 59
105 707 43
105 189 1
106 24 1
106 25 53
106 26 38
106 27 33
106 136 48
106 279 1
106 280 20
106 299 41
106 364 25
106 370 53
106 263 25
106 33 1
106 252 1
106 490 1
107 4 1
107 5 48
107 7 33
107 8 38
107 9 43
107 183 32
107 228 13
107 279 1
107 327 32
107 364 21
107 370 56
107 410 26
107 418 16
107 264 56
107 129 20
107 146 25
107 33 1
107 252 1
107 409 0
107 612 8
108 21 31
108 23 7
108 35 1
108 122 1
108 282 18
108 205 33
108 438 49
108 498 37
108 20 25
108 37 40
108 51 10
109 33 1
109 120 40
109 123 1
109 124 32
109 153 48
109 188 42
109 372 15
109 499 19
109 562 42
111 23 30
111 30 1
111 31 40
111 36 55
111 89 55
111 224 57
111 350 29
111 444 45
111 498 34
111 523 30
111 529 45
111 479 13
111 88 19
111 157 43
111 33 1
112 23 1
112 30 1
112 31 1
112 36 64
112 89 65
112 224 66
112 350 29
112 359 42
112 444 45
112 498 34
112 523 30
112 529 47
112 479 13
112 88 19
112 157 48
112 242 1
112 33 1
113 1 1
113 3 1
113 38 54
113 121 35
113 36 27
113 343 1
113 387 48
113 497 8
113 574 1
114 20 1
114 21 45
114 71 29
114 132 1
114 22 29
114 72 31
114 246 33
114 282 36
114 438 54
114 202 36
114 93 10
116 55 30
116 56 45
116 145 1
116 239 29
116 61 18
116 362 30
116 406 42
116 127 27
116 225 20
117 55 30
117 56 52
117 145 1
117 239 29
117 61 18
117 362 30
117 406 57
117 127 27
117 499 1
117 225 20
118 30 24
118 31 30
118 64 1
118 127 37
118 224 57
118 352 17
118 98 10
119 30 24
119 31 30
119 64 1
119 127 39
119 224 69
119 352 17
119 398 1
119 60 1
119 98 1
119 130 1
120 33 1
120 55 17
120 56 47
120 129 32
120 61 31
120 229 13
120 408 46
120 362 36
120 94 42
120 57 44
120 60 24
121 33 1
121 55 1
121 61 1
121 229 1
121 129 1
121 56 1
121 57 1
121 60 1
121 94 1
121 362 1
121 408 1
123 98 1
123 163 29
123 17 50
123 206 18
123 228 12
123 210 46
123 13 33
123 400 45
123 403 53
123 404 41
123 458 49
123 364 61
123 410 1
124 1 1
124 3 23
124 8 31
124 34 39
124 37 47
124 59 58
124 122 18
124 181 1
124 358 28
124 419 33
124 531 21
124 577 1
124 93 12
124 94 40
124 343 16
125 9 42
125 84 34
125 87 54
125 98 1
125 85 47
125 129 25
125 351 19
125 435 37
125 416 64
126 7 43
126 52 1
126 53 55
126 123 52
126 126 57
126 83 19
126 185 16
126 436 36
126 481 32
126 499 19
126 63 64
126 172 16
129 33 15
130 44 1
130 56 1
130 63 52
130 33 1
130 37 1
130 239 35
130 401 35
130 423 32
130 242 41
130 542 48
130 20 1
130 99 21
130 127 31
130 200 41
130 525 26
130 250 4
130 362 12
131 34 25
131 55 1
131 56 46
131 58 38
131 352 14
131 362 37
131 420 10
131 57 45
131 59 58
131 406 52
134 33 1
134 44 40
134 55 1
134 56 54
134 98 1
134 62 36
134 387 50
134 330 78
134 352 17
134 24 10
134 36 1
134 38 1
134 129 1
134 343 1
135 24 42
135 33 1
135 42 48
135 84 1
135 87 54
135 98 1
135 387 50
135 422 43
135 435 78
135 36 1
135 38 1
135 44 1
135 129 1
135 343 1
136 33 1
136 44 40
136 52 1
136 53 54
136 83 44
136 98 1
136 99 48
136 123 42
136 126 71
136 387 50
136 424 43
136 436 78
136 394 45
136 24 10
136 36 1
136 38 1
136 129 1
136 343 1
137 33 1
137 60 23
137 161 42
137 192 44
137 324 29
137 435 40
137 63 40
137 84 15
138 30 34
138 55 1
138 56 53
138 131 46
138 44 13
138 132 1
138 246 49
138 341 25
138 205 16
138 350 46
138 362 28
138 88 26
138 157 37
138 20 1
138 57 50
139 30 1
139 55 1
139 56 49
139 131 44
139 44 1
139 132 1
139 246 54
139 341 25
139 205 16
139 350 56
139 362 28
139 88 26
139 157 37
139 20 1
139 57 56
139 242 0
140 10 1
140 56 49
140 71 34
140 163 39
140 72 46
140 246 55
140 341 25
140 453 31
140 88 30
140 141 48
140 157 42
140 362 35
140 444 60
140 710 50
141 10 1
141 56 53
141 71 1
141 163 39
141 72 51
141 246 65
141 341 25
141 210 1
141 400 72
141 453 31
141 364 1
141 88 30
141 141 54
141 157 45
141 362 35
141 444 70
141 710 56
143 29 1
143 34 35
143 38 48
143 63 56
143 33 1
143 173 36
143 205 50
143 343 42
143 122 12
143 242 44
143 416 49
143 498 25
143 667 57
143 276 65
143 44 16
143 359 44
143 387 1
143 562 52
147 21 30
147 35 1
147 63 50
147 200 50
147 239 15
147 401 31
147 407 35
147 525 31
148 21 35
148 35 1
148 63 55
148 200 56
148 239 1
148 401 33
148 407 39
148 525 33
149 21 35
149 35 1
149 63 60
149 17 55
149 200 61
149 239 1
149 7 1
149 9 1
149 401 33
149 407 39
149 525 33
149 542 81
149 453 1
149 245 1
151 1 1
151 5 20
151 94 40
151 246 50
151 396 100
151 93 1
151 129 11
152 33 1
152 34 29
152 75 8
152 76 50
152 345 20
153 33 1
153 34 31
153 75 1
153 76 55
153 345 22
154 33 1
154 34 31
154 75 1
154 76 61
154 80 32
154 345 22
154 572 1
155 33 1
155 52 12
155 53 46
155 98 19
155 129 36
155 172 27
155 38 46
155 205 40
155 284 49
155 436 31
155 488 28
155 517 46
155 682 58
156 33 1
156 52 12
156 53 54
156 98 21
156 129 42
156 172 31
156 38 53
156 205 46
156 284 57
156 436 35
156 488 35
156 517 53
156 682 68
157 33 1
157 52 1
157 53 60
157 98 21
157 129 45
157 172 31
157 38 53
157 205 46
157 284 57
157 436 35
157 488 35
157 517 56
157 682 74
158 10 1
158 44 20
158 55 13
158 56 52
158 99 7
158 163 35
158 37 22
158 242 27
158 276 41
158 401 36
158 423 20
158 498 29
159 10 1
159 44 21
159 55 13
159 56 55
159 99 1
159 163 37
159 37 24
159 242 30
159 276 48
159 401 42
159 423 21
159 498 33
160 10 1
160 44 21
160 55 1
160 56 58
160 99 1
160 163 38
160 37 24
160 242 32
160 276 58
160 401 50
160 423 21
160 498 37
161 21 25
161 33 1
161 98 11
161 154 17
161 10 1
161 304 47
161 389 31
162 10 1
162 21 28
162 98 1
162 154 18
162 304 56
162 389 36
163 33 1
163 36 28
163 64 11
163 93 34
163 138 48
163 326 37
163 403 29
163 428 33
163 253 13
163 485 41
163 497 25
163 585 40
164 33 1
164 36 33
164 64 1
164 93 41
164 138 57
164 143 1
164 326 42
164 403 32
164 428 37
164 253 13
164 485 47
164 497 27
164 585 47
165 4 15
165 33 1
165 38 50
165 129 36
165 183 17
165 318 25
165 405 41
165 403 36
166 4 15
166 33 1
166 38 60
166 129 42
166 183 17
166 318 29
166 405 53
166 403 42
167 40 1
167 94 53
167 132 11
167 141 23
167 154 30
167 42 36
167 389 26
167 398 43
167 425 19
167 440 47
167 71 5
167 611 8
168 40 1
168 94 63
168 132 1
168 141 25
168 154 34
168 42 41
168 389 28
168 398 50
168 425 19
168 450 1
168 440 55
168 565 1
168 71 1
168 611 8
169 17 30
169 44 12
169 141 1
169 305 49
169 310 1
169 314 35
169 403 51
169 440 1
169 512 39
169 129 24
169 474 43
169 71 1
170 36 37
170 55 17
170 56 41
170 145 1
170 209 25
170 61 28
170 324 31
170 435 34
171 36 45
171 55 17
171 56 53
171 145 1
171 209 25
171 61 30
171 324 35
171 435 40
172 84 1
172 609 12
173 1 1
173 345 17
173 574 12
174 1 9
174 574 12
175 38 38
175 246 21
175 387 51
175 1 1
176 38 38
176 246 21
176 345 1
176 387 51
176 584 14
176 1 1
177 64 1
177 94 50
177 248 30
177 466 39
177 500 39
178 64 1
178 94 65
178 248 35
178 466 47
178 500 47
178 403 25
179 33 1
179 84 9
179 87 37
179 324 32
179 408 41
179 435 28
179 36 18
180 33 1
180 84 1
180 87 45
180 324 36
180 408 47
180 435 31
180 36 20
181 9 30
181 33 1
181 84 1
181 87 57
181 7 1
181 324 42
181 408 59
181 435 34
181 36 20
181 192 1
181 406 1
182 71 1
182 76 55
182 80 1
182 345 1
182 72 1
182 437 53
182 348 1
182 572 50
182 51 1
182 202 1
182 585 1
183 33 1
183 38 28
183 55 10
183 61 21
183 205 15
183 56 45
183 401 37
183 145 1
183 276 37
183 583 45
183 21 12
183 340 15
184 33 1
184 38 36
184 55 1
184 61 25
184 205 15
184 56 57
184 401 47
184 145 1
184 276 42
184 583 50
184 21 12
184 340 15
185 21 46
185 88 1
185 157 28
185 185 37
185 38 57
185 317 30
185 359 49
185 389 41
185 452 1
185 444 43
185 457 54
186 3 1
186 55 1
186 61 1
186 340 43
186 304 48
186 1 1
186 34 1
186 38 1
186 56 1
186 341 1
186 414 1
187 33 10
187 72 30
187 202 37
187 331 19
187 340 40
187 369 31
187 512 28
187 584 10
187 71 1
188 33 1
188 72 36
188 202 44
188 331 20
188 340 48
188 369 36
188 512 32
188 584 10
188 71 1
189 33 1
189 72 44
189 202 44
189 331 20
189 340 48
189 369 36
189 512 34
189 584 10
189 71 1
190 10 1
190 129 27
190 154 19
190 310 13
190 387 43
190 458 32
191 71 1
191 72 10
191 202 46
191 75 29
191 402 45
191 38 37
191 76 34
192 1 1
192 71 1
192 75 10
192 76 46
192 80 31
192 331 25
192 72 5
192 437 43
192 38 37
192 202 22
192 572 50
193 33 1
193 98 7
193 129 37
193 17 37
193 253 37
193 228 30
193 246 33
193 369 49
193 403 54
193 405 57
194 21 11
194 55 1
194 89 31
194 341 16
194 330 47
194 426 19
194 401 24
195 21 11
195 55 1
195 89 35
195 341 16
195 330 53
195 426 19
195 401 28
196 33 1
196 60 36
196 93 16
196 94 47
196 98 23
196 129 30
196 248 43
196 387 50
196 36 1
196 38 1
196 44 1
196 343 1
197 33 1
197 98 23
197 185 36
197 228 16
197 372 43
197 387 50
197 36 1
197 38 1
197 44 1
197 129 1
197 343 1
197 399 40
197 555 0
198 64 1
198 185 31
198 228 11
198 310 9
198 17 15
198 372 25
198 389 45
198 492 45
200 29 0
200 87 0
200 94 0
200 129 0
200 60 27
200 310 11
200 247 37
200 371 32
200 408 50
200 506 23
201 237 1
203 23 1
203 33 1
203 60 41
203 93 1
203 242 54
203 310 7
203 94 37
203 372 28
203 428 41
203 458 32
204 33 1
204 36 15
204 38 50
204 120 8
204 153 36
204 229 22
204 371 28
204 450 9
205 33 1
205 36 15
205 38 59
205 120 1
205 153 39
205 229 22
205 192 31
205 371 28
205 429 31
205 450 1
206 36 38
206 99 1
206 228 26
206 205 21
206 91 45
206 246 41
206 38 34
206 529 43
206 34 18
206 403 41
206 407 43
206 189 13
207 40 1
207 98 20
207 163 36
207 185 28
207 210 20
207 282 12
207 369 38
207 404 42
207 512 27
207 327 45
209 33 1
209 36 43
209 44 13
209 99 34
209 122 19
209 242 53
209 29 19
209 371 43
209 422 1
209 423 1
209 424 1
209 583 37
210 33 1
210 36 51
210 44 13
210 99 38
210 122 19
210 242 61
210 29 19
210 371 51
210 422 1
210 423 1
210 424 1
210 200 67
210 583 43
213 35 9
213 132 1
213 450 40
213 205 37
213 522 1
213 88 23
213 157 38
213 444 49
216 10 1
216 37 50
216 122 8
216 154 15
216 163 36
216 173 43
216 185 22
216 343 1
217 10 1
217 37 59
217 122 1
217 154 1
217 163 39
217 173 49
217 185 22
217 343 1
217 359 67
218 34 50
218 52 8
218 53 36
218 88 15
218 123 1
218 157 43
218 246 26
218 414 56
218 436 38
218 481 23
218 499 20
218 510 15
219 34 60
219 52 1
219 53 36
219 88 1
219 123 1
219 157 48
219 246 26
219 414 66
219 436 40
219 481 23
219 499 20
219 510 15
220 33 1
220 36 28
220 59 46
220 181 10
220 89 37
220 189 13
220 196 25
220 420 28
220 426 20
221 30 1
221 31 33
221 36 28
221 59 56
221 181 1
221 64 1
221 89 40
221 189 13
221 196 25
221 246 1
221 423 28
221 426 20
221 37 41
221 33 1
221 420 15
223 55 1
223 58 44
223 60 22
223 61 22
223 62 22
223 63 55
223 324 36
223 331 27
223 352 32
223 56 42
224 55 1
224 58 54
224 60 22
224 61 22
224 62 22
224 63 70
224 132 11
224 190 25
224 324 42
224 331 29
224 350 1
224 441 1
224 56 52
224 35 1
224 352 1
225 65 25
226 17 40
226 33 1
226 36 25
226 61 18
226 145 1
226 352 43
226 29 13
226 56 49
226 60 1
226 324 1
226 331 1
226 340 40
226 403 36
226 55 1
227 31 37
227 64 1
227 129 19
227 211 49
227 314 29
227 163 46
227 400 50
227 403 40
227 364 20
227 232 9
227 17 20
227 65 36
227 413 52
228 44 20
228 52 1
228 53 35
228 123 13
228 185 27
228 242 43
228 424 30
228 492 40
228 517 56
229 44 20
229 52 1
229 53 41
229 123 13
229 185 30
229 242 52
229 422 1
229 424 32
229 492 45
229 517 65
230 55 1
230 56 51
230 145 1
230 239 29
230 61 18
230 362 30
230 406 57
230 225 20
230 250 1
231 33 1
231 36 25
231 38 49
231 205 33
231 21 24
231 387 37
232 30 1
232 31 25
232 89 49
232 205 33
232 229 41
232 21 24
232 282 10
232 372 31
232 416 54
232 422 1
232 424 1
232 523 1
233 33 1
233 60 12
233 161 36
233 192 44
233 63 67
233 324 29
233 435 40
233 84 15
234 23 23
234 33 1
234 36 40
234 310 13
234 428 38
234 26 43
236 33 1
236 252 1
237 27 1
237 98 19
237 167 49
237 228 13
237 229 25
237 279 1
237 364 33
237 370 51
237 33 1
237 91 32
237 252 1
237 389 24
238 1 1
238 59 49
238 93 21
238 94 37
238 122 1
238 181 13
238 419 31
238 531 21
238 8 28
238 343 16
239 9 9
239 85 41
239 87 49
239 98 1
239 129 25
239 84 7
239 351 19
239 435 34
240 7 19
240 52 1
240 53 37
240 123 13
240 126 49
240 83 19
240 185 16
240 436 34
240 481 28
240 499 19
240 172 16
241 23 13
241 33 1
241 34 43
241 205 34
241 358 55
241 428 29
241 29 25
241 583 45
241 667 55
242 1 1
242 3 13
242 38 47
242 121 28
242 36 27
242 343 1
242 387 48
242 497 8
242 574 1
243 44 1
243 84 11
243 87 71
243 98 31
243 209 41
243 242 61
243 326 64
243 422 50
243 435 57
243 192 78
243 245 1
244 23 41
244 44 1
244 52 11
244 53 51
244 83 31
244 126 71
244 326 64
244 424 50
244 436 57
244 284 85
244 221 1
244 172 6
244 242 42
244 245 1
245 16 31
245 44 1
245 55 11
245 56 71
245 61 41
245 62 41
245 326 64
245 423 50
245 59 85
245 57 54
245 242 42
245 245 1
245 352 6
246 37 29
246 44 1
246 63 57
246 89 50
246 157 22
246 242 43
246 371 32
246 399 28
246 444 46
246 498 14
246 33 1
246 88 3
246 707 18
247 37 29
247 44 1
247 63 65
247 89 56
247 157 22
247 242 47
247 371 34
247 399 28
247 444 54
247 498 14
247 33 1
247 88 1
247 707 18
248 37 29
248 44 1
248 63 75
248 89 61
248 157 22
248 242 47
248 371 34
248 399 28
248 422 1
248 423 1
248 424 1
248 444 54
248 416 82
248 498 14
248 33 1
248 88 1
248 707 18
249 16 22
249 56 44
249 129 66
249 177 1
249 246 88
249 248 99
249 143 99
249 326 65
249 311 1
249 407 15
250 16 22
250 126 44
250 129 66
250 221 1
250 246 88
250 248 99
250 143 99
250 326 65
250 311 1
250 413 15
250 682 99
251 93 1
251 246 20
251 248 30
251 345 19
251 437 82
252 1 1
252 21 36
252 71 6
252 72 26
252 98 11
252 202 46
252 228 16
252 412 51
252 372 18
252 437 39
252 670 3
253 1 1
253 21 41
253 71 1
253 98 1
253 206 53
253 210 16
253 228 17
253 348 29
253 437 59
253 72 13
253 404 43
253 202 25
253 372 20
253 412 1
253 670 1
254 1 1
254 21 43
254 71 1
254 98 1
254 206 59
254 210 16
254 228 17
254 348 29
254 400 1
254 404 16
254 437 67
254 72 13
254 530 36
254 202 25
254 372 20
254 412 1
254 670 1
255 10 1
255 52 10
255 53 43
255 64 16
255 83 25
255 98 28
255 163 34
255 481 28
255 332 18
255 340 24
255 394 39
255 488 9
256 10 1
256 24 16
256 52 1
256 64 17
256 98 32
256 163 39
256 327 50
256 394 54
256 488 20
256 53 1
256 299 40
256 332 20
256 340 30
257 7 1
257 10 1
257 24 16
257 52 1
257 64 17
257 98 32
257 163 42
257 299 36
257 327 59
257 394 66
257 413 49
257 136 1
257 488 20
257 53 1
257 332 20
257 340 30
258 33 1
258 36 28
258 55 10
258 56 42
258 189 6
258 250 33
258 88 25
258 57 30
258 157 21
258 249 6
258 352 18
259 33 1
259 36 31
259 55 1
259 89 46
259 189 1
259 330 37
259 341 16
259 426 25
259 157 28
259 56 55
259 57 1
259 88 9
259 249 1
259 352 20
260 33 1
260 36 31
260 55 1
260 89 52
260 189 1
260 330 39
260 341 16
260 359 69
260 426 25
260 157 28
260 56 63
260 57 1
260 88 9
260 249 1
260 352 20
261 33 1
261 36 33
261 44 13
261 168 45
261 242 41
261 372 29
261 389 49
261 583 46
262 33 1
262 36 37
262 44 1
262 168 52
262 242 47
262 372 32
262 389 62
262 555 18
262 422 1
262 423 1
262 424 1
262 583 56
263 29 9
263 33 1
263 42 25
263 343 29
263 36 31
263 38 36
264 29 1
264 33 1
264 154 29
264 163 41
264 343 35
264 583 1
264 38 35
264 36 28
264 42 1
265 33 1
265 40 5
265 450 15
267 16 13
267 71 1
267 72 24
267 202 38
267 318 34
267 405 41
267 99 37
267 314 20
269 16 13
269 60 24
269 93 1
269 318 34
269 405 41
269 474 20
270 71 7
270 72 43
270 310 1
270 412 43
270 428 27
270 61 25
270 145 9
270 202 30
270 55 6
271 56 49
271 71 7
271 154 25
271 168 37
271 252 19
271 253 43
271 310 1
271 428 27
271 61 25
271 145 9
271 282 36
271 55 1
271 72 12
271 202 36
271 412 57
272 71 1
272 310 1
272 72 1
272 55 1
272 56 1
272 61 1
272 154 1
272 202 1
272 252 1
272 282 1
272 412 1
272 428 1
273 153 43
273 33 1
273 71 3
273 72 15
273 205 12
273 310 6
273 371 18
273 389 30
274 1 1
274 13 37
274 185 31
274 252 19
274 326 49
274 75 1
274 348 28
274 33 1
274 71 1
274 72 18
274 153 1
274 205 12
274 310 1
274 314 1
274 371 24
274 389 50
275 1 1
275 75 1
275 185 1
275 437 49
275 536 19
275 542 32
275 33 1
275 71 1
275 72 1
275 153 1
275 205 1
275 252 1
275 310 1
275 314 1
275 326 1
275 348 1
275 371 1
275 389 1
276 17 13
276 64 1
276 98 8
276 332 34
276 403 53
276 413 41
277 17 13
277 64 1
277 98 1
277 332 38
277 365 1
277 403 61
277 413 1
278 17 13
278 55 1
278 98 31
278 228 43
278 332 42
278 352 19
278 403 47
278 542 50
278 314 33
279 17 1
279 55 1
279 56 61
279 352 19
279 371 24
279 542 63
279 362 34
279 98 1
279 403 1
280 93 6
280 94 26
280 138 46
280 248 36
280 345 21
280 500 54
280 574 11
280 577 22
280 60 18
281 93 1
281 94 26
281 138 54
281 248 40
281 345 1
281 500 64
281 574 11
281 577 23
281 60 18
282 93 1
282 94 26
282 138 60
282 248 42
282 345 22
282 500 80
282 585 1
282 574 11
282 577 23
282 60 18
282 605 0
283 61 25
283 98 7
283 145 1
283 453 30
284 16 26
284 98 1
284 145 1
284 318 47
284 403 47
284 405 61
284 466 1
284 314 22
285 29 22
285 33 4
285 71 1
285 72 16
285 202 45
285 402 41
286 29 22
286 33 1
286 71 1
286 72 16
286 183 23
286 223 54
286 327 36
286 395 29
286 402 41
286 364 19
287 10 1
287 185 19
287 343 31
287 498 37
287 583 38
288 10 1
288 154 19
288 163 31
288 253 1
288 264 43
288 498 43
289 10 1
289 185 19
289 343 31
289 359 61
289 498 37
290 10 1
290 91 45
290 141 5
290 154 14
290 189 31
290 206 25
290 232 38
290 71 5
291 10 1
291 141 1
291 154 14
291 163 31
291 210 20
291 404 52
291 450 1
291 71 1
291 91 1
291 189 1
291 206 1
291 232 1
291 332 1
292 10 1
292 141 5
292 154 14
292 247 38
292 425 38
292 566 47
292 71 1
292 91 1
292 189 1
292 206 1
292 232 1
292 421 1
293 1 1
293 23 25
293 253 5
293 304 45
293 310 11
293 485 41
293 497 4
294 1 1
294 23 29
294 253 1
294 304 57
294 310 1
294 44 20
294 485 51
294 497 1
295 1 1
295 23 29
295 63 40
295 253 1
295 304 63
295 310 1
295 44 20
295 242 40
295 422 1
295 423 1
295 424 1
295 485 55
295 586 1
295 497 1
296 33 1
296 233 13
296 252 19
296 265 31
296 282 28
296 292 10
296 358 34
296 370 40
296 395 28
297 33 1
297 233 13
297 252 19
297 265 33
297 282 29
297 292 1
297 358 42
297 362 1
297 370 52
297 395 32
298 21 15
298 55 21
298 145 10
298 61 13
298 340 23
299 33 1
299 88 13
299 157 28
299 192 43
299 414 73
299 435 49
299 444 55
299 408 49
299 209 25
299 350 18
300 3 15
300 33 1
300 38 39
300 185 27
300 343 31
300 252 1
300 358 29
300 583 49
300 574 13
301 3 1
301 252 1
304 29 10
304 33 1
304 36 25
304 38 44
304 189 7
304 231 29
304 232 13
304 442 29
304 157 25
304 317 13
305 29 1
305 33 1
305 36 25
305 38 53
305 189 1
305 231 29
305 232 13
305 442 29
305 157 25
305 317 13
306 29 1
306 33 1
306 36 25
306 38 63
306 189 1
306 231 29
306 232 13
306 442 29
306 157 25
306 317 13
307 93 9
307 136 32
307 237 18
307 364 22
307 395 29
308 7 1
308 8 1
308 9 1
308 93 1
308 136 32
308 237 18
308 364 22
308 395 29
308 428 1
309 33 1
309 44 33
309 87 36
309 98 17
309 209 20
309 422 33
309 435 41
309 528 49
309 351 16
310 33 1
310 44 39
310 87 45
310 98 17
310 209 20
310 422 37
310 424 1
310 435 49
310 528 61
310 351 16
311 87 37
311 98 10
311 209 19
311 129 29
311 387 48
311 609 1
311 435 31
312 87 37
312 98 10
312 209 19
312 129 29
312 609 1
312 435 31
313 33 1
313 38 37
313 98 17
313 324 25
313 405 41
313 428 37
313 522 15
313 583 43
313 611 50
314 33 1
314 98 17
314 343 37
314 405 41
314 428 37
314 522 15
314 583 43
314 611 50
315 40 9
315 71 1
315 72 17
315 80 49
315 202 33
315 345 25
315 572 50
316 1 1
316 124 14
316 188 39
316 441 54
316 491 34
316 562 40
317 1 1
317 34 26
317 124 1
317 188 48
317 441 66
317 491 38
317 562 46
318 36 31
318 44 1
318 99 7
318 242 22
318 372 26
318 423 16
318 453 31
318 305 32
318 710 40
319 44 1
319 99 1
319 130 48
319 163 33
319 242 22
319 372 26
319 400 56
319 423 16
319 453 34
319 364 1
319 305 34
319 36 52
319 710 46
320 55 10
320 56 50
320 205 14
320 250 19
320 310 23
320 323 41
320 352 28
320 291 41
320 340 44
320 362 31
320 34 36
321 55 1
321 56 59
321 205 1
321 250 19
321 310 23
321 323 44
321 352 28
321 291 46
321 340 54
321 362 31
321 34 36
322 33 1
322 36 29
322 38 49
322 52 11
322 53 41
322 89 35
322 414 35
322 436 31
322 481 21
323 33 1
323 36 29
323 52 1
323 89 37
323 157 33
323 284 45
323 414 39
323 436 31
323 481 21
324 34 20
324 52 1
324 53 30
324 83 17
324 123 4
324 257 46
324 229 23
324 436 39
324 517 60
324 172 23
324 284 64
324 499 16
325 60 16
325 94 34
325 173 37
325 340 43
325 371 34
325 408 46
325 428 26
325 473 34
326 60 1
326 94 37
326 173 43
326 340 55
326 371 37
326 408 55
326 428 26
326 473 37
326 562 1
327 33 1
327 37 56
327 38 45
327 60 16
327 146 27
327 185 12
327 253 5
327 389 32
328 44 1
328 63 57
328 91 41
328 185 17
328 242 33
328 328 25
328 89 73
328 364 81
328 414 65
328 157 25
328 189 13
328 276 67
328 523 21
328 310 1
329 44 1
329 63 57
329 185 1
329 225 35
329 242 33
329 328 1
329 157 25
329 189 13
329 414 39
329 523 21
329 89 33
329 253 40
329 405 29
329 586 47
329 91 1
329 276 1
329 310 1
329 407 56
329 525 20
330 44 1
330 63 65
330 185 1
330 225 35
330 242 33
330 328 1
330 337 45
330 525 65
330 157 25
330 189 13
330 414 39
330 523 21
330 89 33
330 253 40
330 407 47
330 91 1
330 276 1
330 310 1
330 364 1
330 405 28
330 586 68
331 40 1
331 42 21
331 71 5
331 185 29
331 302 37
331 371 41
331 389 37
331 412 42
332 40 1
332 42 21
332 71 1
332 185 29
332 302 41
332 279 1
332 371 47
332 389 41
332 412 44
333 31 18
333 36 31
333 64 1
333 310 8
333 406 45
333 496 18
333 585 50
333 574 11
333 225 20
334 31 18
334 36 31
334 64 1
334 143 59
334 225 35
334 310 1
334 365 1
334 406 54
334 496 18
334 585 60
334 574 11
335 10 1
335 98 7
335 163 19
335 206 55
335 210 13
335 228 25
335 306 31
335 370 53
335 404 48
335 279 26
336 35 1
336 44 10
336 122 7
336 242 28
336 305 34
336 342 16
336 398 52
336 400 46
336 474 55
336 562 46
336 364 11
337 33 1
337 88 13
337 93 7
337 94 37
337 153 49
337 248 43
337 157 25
337 444 41
337 585 50
337 408 1
337 473 1
338 33 1
338 76 43
338 83 19
338 88 13
338 93 7
338 153 49
338 157 37
338 94 33
338 444 41
338 394 1
338 428 20
339 55 11
339 89 31
339 173 26
339 189 1
339 248 36
339 352 22
339 401 35
339 426 14
339 330 35
340 55 11
340 89 36
340 173 26
340 189 1
340 248 46
340 352 22
340 401 39
340 426 14
340 428 1
340 330 39
340 37 0
340 562 1
341 11 10
341 61 20
341 145 1
341 152 35
341 282 26
341 242 43
341 400 35
341 458 20
341 534 31
341 55 1
342 11 1
342 61 20
342 145 1
342 152 39
342 282 26
342 242 51
342 129 30
342 400 39
342 458 20
342 534 32
342 55 1
343 60 11
343 93 1
343 120 19
343 153 45
343 189 7
343 229 5
343 246 25
343 317 15
343 414 53
343 326 43
344 60 11
344 63 36
344 93 1
344 120 19
344 153 55
344 189 7
344 229 1
344 246 25
344 317 15
344 414 62
344 326 39
345 51 15
345 132 8
345 246 43
345 310 1
345 412 50
345 202 26
345 362 21
345 35 1
345 72 20
346 51 1
346 132 1
346 246 48
346 310 1
346 412 56
346 202 26
346 362 21
346 35 1
346 72 20
347 10 1
347 55 19
347 163 49
347 210 43
347 232 25
347 246 37
347 350 55
347 306 55
347 404 61
347 362 29
347 450 25
347 479 13
348 10 1
348 55 1
348 163 55
348 210 46
348 232 25
348 246 37
348 350 64
348 306 67
348 404 73
348 362 29
348 479 13
348 450 25
349 33 15
350 35 5
350 55 1
350 56 40
350 239 25
350 352 20
350 401 29
350 525 27
350 574 11
350 33 1
350 57 40
352 10 1
352 20 4
352 60 17
352 122 1
352 154 12
352 163 31
352 168 1
352 185 7
352 246 49
352 310 1
352 389 46
352 421 55
352 425 20
352 364 14
352 485 58
353 185 37
353 247 44
353 282 1
353 389 35
353 425 20
353 506 31
353 566 54
354 185 39
354 247 48
354 282 1
354 389 35
354 425 20
354 506 31
354 566 1
355 58 0
355 59 0
355 94 0
355 168 0
355 228 27
355 248 49
355 310 16
355 371 41
355 425 22
355 506 38
355 247 41
356 20 1
356 228 27
356 248 58
356 310 16
356 325 37
356 7 1
356 8 1
356 9 1
356 371 51
356 425 22
356 506 42
356 247 45
357 16 1
357 23 17
357 34 37
357 75 11
357 76 41
357 345 31
357 403 47
357 437 61
357 536 47
358 35 1
358 36 17
358 38 33
358 93 14
358 94 46
358 253 22
358 310 9
358 326 46
358 485 54
361 29 19
361 44 10
361 58 34
361 59 43
361 181 1
361 196 16
361 242 28
361 420 37
361 423 28
361 524 37
361 310 1
362 29 19
362 44 1
362 58 34
362 59 53
362 181 1
362 196 16
362 242 28
362 423 28
362 420 1
362 524 37
362 573 42
362 310 1
363 34 19
363 55 1
363 59 43
363 62 25
363 173 37
363 181 1
363 301 13
363 205 5
363 362 17
363 57 40
364 34 19
364 55 1
364 59 47
364 62 25
364 173 39
364 181 1
364 301 13
364 205 5
364 362 17
364 57 46
365 34 19
365 55 1
365 59 50
365 62 25
365 173 39
365 181 1
365 301 13
365 242 1
365 423 44
365 205 7
365 362 19
365 57 48
366 55 1
366 128 1
366 250 1
367 44 8
367 56 50
367 242 36
367 250 1
367 352 22
367 291 37
367 362 28
367 401 46
367 423 24
367 185 11
367 389 23
368 56 50
368 93 8
368 94 36
368 250 1
368 352 22
368 291 37
368 401 46
368 577 11
369 33 1
369 36 29
369 38 57
369 55 8
369 56 64
369 246 43
369 317 15
369 291 57
369 457 78
369 401 30
370 33 1
370 36 24
370 55 12
370 352 31
370 56 40
370 577 9
370 531 22
371 29 17
371 38 53
371 44 5
371 52 25
371 99 1
371 225 33
371 242 41
371 337 49
371 428 35
371 53 44
371 200 50
372 29 1
372 38 78
372 44 1
372 52 25
372 99 1
372 225 38
372 242 56
372 337 69
372 428 37
372 53 49
372 200 60
373 19 50
373 29 1
373 38 93
373 44 1
373 52 25
373 99 1
373 225 38
373 242 61
373 337 79
373 422 1
373 424 1
373 428 37
373 525 80
373 53 49
373 200 64
374 36 1
374 33 1
375 36 1
375 63 62
375 93 20
375 94 38
375 228 32
375 232 20
375 309 50
375 418 32
375 428 52
375 33 1
375 430 18
376 36 1
376 63 77
376 93 1
376 94 38
376 228 32
376 232 1
376 309 55
376 359 45
376 418 32
376 428 62
376 33 1
376 430 16
377 63 65
377 88 9
377 153 1
377 192 49
377 246 33
377 276 25
377 359 81
377 444 73
377 451 49
377 23 1
377 523 1
377 157 24
378 63 65
378 153 1
378 192 49
378 196 9
378 246 33
378 276 25
378 58 73
378 359 81
378 451 49
378 23 1
378 523 1
378 59 48
379 63 65
379 153 1
379 192 49
379 232 9
379 246 33
379 276 25
379 359 81
379 430 73
379 442 73
379 451 49
379 23 1
379 523 1
385 38 35
385 93 1
385 94 20
385 129 10
385 248 40
385 353 50
385 387 65
385 428 35
385 309 49
387 33 1
387 44 21
387 71 9
387 72 25
387 75 13
387 202 41
387 242 37
387 437 45
388 33 1
388 44 22
388 71 9
388 72 27
388 75 13
388 202 47
388 242 42
388 437 52
389 33 1
389 44 22
389 71 1
389 72 27
389 75 1
389 89 32
389 202 51
389 242 45
389 437 57
389 452 1
390 10 1
390 52 7
390 53 41
390 83 33
390 154 15
390 172 17
390 263 31
390 512 39
391 10 1
391 52 1
391 83 39
391 154 16
391 172 19
391 183 14
391 364 26
391 370 36
391 394 49
391 512 46
392 10 1
392 52 1
392 83 45
392 154 17
392 172 21
392 183 14
392 364 29
392 370 41
392 394 57
392 512 52
393 1 1
393 31 25
393 56 43
393 61 22
393 64 15
393 65 39
393 145 8
393 250 32
393 362 29
394 31 28
394 33 1
394 56 51
394 61 24
394 64 15
394 65 46
394 145 8
394 232 16
394 250 37
394 362 33
395 31 28
395 33 1
395 56 59
395 61 24
395 64 15
395 65 52
395 145 1
395 232 16
395 250 39
395 362 33
395 453 36
396 17 9
396 33 1
396 36 29
396 98 5
396 332 25
396 413 37
397 17 9
397 33 1
397 36 33
397 98 1
397 332 28
397 413 43
398 17 1
398 33 1
398 36 33
398 98 1
398 332 28
398 370 34
398 413 49
399 29 17
399 33 1
399 36 33
399 158 21
399 205 13
399 276 41
399 242 25
400 29 18
400 33 1
400 36 38
400 55 15
400 158 23
400 205 13
400 276 48
400 242 28
400 453 1
401 173 0
401 189 0
401 253 0
401 450 16
401 522 6
402 15 0
402 63 0
402 70 0
402 206 0
402 141 14
402 210 10
402 404 26
402 405 34
402 163 26
402 400 42
402 565 36
402 71 14
403 33 1
403 44 13
403 209 17
403 242 29
403 422 33
403 435 41
403 528 45
403 84 4
403 521 24
404 33 1
404 44 13
404 209 18
404 242 33
404 422 38
404 435 48
404 528 53
404 84 1
404 521 31
405 33 1
405 44 13
405 209 18
405 242 35
405 422 42
405 435 56
405 528 63
405 84 1
405 521 33
406 71 1
406 72 13
407 40 1
407 72 1
407 311 1
407 345 1
407 71 1
407 80 1
407 202 1
407 572 1
408 29 1
408 36 15
408 228 10
408 246 28
408 372 24
408 428 33
408 457 43
408 498 28
409 29 1
409 36 15
409 228 10
409 246 28
409 372 24
409 428 36
409 457 52
409 498 28
410 33 1
410 36 15
410 246 28
410 442 43
411 33 1
411 36 15
411 246 28
411 442 52
414 16 26
414 33 1
414 60 32
414 93 23
414 94 44
414 237 20
414 318 38
414 403 41
414 405 47
414 450 15
414 679 47
415 16 1
415 450 13
415 405 29
415 522 1
416 16 1
416 40 3
416 154 19
416 163 31
416 210 9
416 228 15
416 408 21
416 454 37
416 403 37
416 565 1
416 450 1
416 522 1
417 98 5
417 129 21
417 209 13
417 387 37
417 435 29
417 158 49
417 609 19
418 13 45
418 55 6
418 98 3
418 129 15
418 228 10
418 250 36
418 453 21
418 401 55
418 56 45
418 458 27
419 13 50
419 55 6
419 98 1
419 129 15
419 228 10
419 242 26
419 250 39
419 423 1
419 453 21
419 401 62
419 56 57
419 458 29
420 33 1
420 36 31
420 76 37
420 345 19
420 572 47
420 670 5
421 33 1
421 36 35
421 76 43
421 80 25
421 345 19
421 572 50
421 670 1
422 34 29
422 189 1
422 237 16
422 330 37
422 352 7
422 426 11
422 55 1
422 246 20
422 414 35
423 34 29
423 189 1
423 237 16
423 330 41
423 352 1
423 426 11
423 55 1
423 246 20
423 414 39
424 10 1
424 129 22
424 154 18
424 310 1
424 387 43
424 458 32
424 530 1
425 16 11
425 132 1
425 153 43
425 247 38
425 310 6
425 371 17
425 466 30
425 506 22
425 120 29
426 16 1
426 132 1
426 153 51
426 247 44
426 310 1
426 371 17
426 466 32
426 506 22
426 566 1
426 120 31
427 1 1
427 26 23
427 98 16
427 146 36
427 340 46
427 24 20
427 29 32
429 310 1
429 345 1
429 408 1
429 566 1
429 595 1
430 17 1
430 228 1
430 310 1
430 399 55
430 400 45
430 492 45
430 389 1
431 10 5
431 154 20
431 163 37
431 185 17
431 252 1
431 389 41
431 583 50
432 10 1
432 34 45
432 154 20
432 163 37
432 185 17
432 252 1
433 35 1
433 93 14
433 253 17
433 310 9
433 387 22
434 10 1
434 153 44
434 154 11
434 163 25
434 400 31
434 364 18
434 491 32
434 562 46
434 44 21
434 389 39
434 474 21
435 10 1
435 53 34
435 153 52
435 154 11
435 163 25
435 400 31
435 364 18
435 491 32
435 562 56
435 44 21
435 389 39
435 474 21
436 33 1
436 93 1
436 185 41
436 248 37
436 326 19
436 371 49
437 33 1
437 93 1
437 185 50
437 248 43
437 326 19
437 371 61
437 311 1
438 21 38
438 38 46
438 88 14
438 157 33
438 185 25
438 317 30
438 389 41
439 3 15
439 60 25
439 93 1
439 94 39
439 1 1
439 389 40
439 605 44
440 1 1
440 343 16
440 574 12
441 31 17
441 64 1
441 253 37
441 304 45
441 448 21
441 485 49
441 496 29
441 497 37
442 138 19
442 185 7
442 228 1
442 389 31
442 399 49
442 425 1
442 466 25
442 247 45
442 371 15
442 506 25
443 33 1
443 36 15
443 91 31
443 163 25
443 328 19
443 337 27
443 407 37
443 44 25
443 225 12
443 523 18
444 33 1
444 36 15
444 91 40
444 163 28
444 328 19
444 337 33
444 407 49
444 530 24
444 44 27
444 225 1
444 523 18
445 33 1
445 36 15
445 91 40
445 163 28
445 242 48
445 328 19
445 337 33
445 407 55
445 424 1
445 530 24
445 44 27
445 225 1
445 523 18
446 33 1
446 34 33
446 122 12
446 205 41
446 387 49
446 498 25
446 44 16
446 343 12
447 98 1
447 364 15
447 395 11
447 232 8
447 249 20
449 33 1
449 36 19
449 38 44
449 44 7
449 89 37
449 242 31
449 328 25
449 91 19
450 33 1
450 36 19
450 38 50
450 44 1
450 89 40
450 242 31
450 328 25
450 422 1
450 423 1
450 424 1
450 91 19
451 40 1
451 42 12
451 44 1
451 242 45
451 282 23
451 305 39
451 440 50
451 450 34
451 474 50
451 228 16
451 400 38
451 565 47
451 404 42
452 40 1
452 42 1
452 44 1
452 242 49
452 282 23
452 305 39
452 422 1
452 423 1
452 424 1
452 440 58
452 450 34
452 474 56
452 228 16
452 400 38
452 565 53
452 404 44
453 40 8
453 185 17
453 188 43
453 189 3
453 228 15
453 279 22
453 310 1
453 389 31
453 398 38
453 426 29
453 474 36
453 562 47
454 40 1
454 185 17
454 188 49
454 189 1
454 228 15
454 279 22
454 310 1
454 389 31
454 398 41
454 426 29
454 474 36
454 562 58
455 20 1
455 22 11
455 44 7
455 185 27
455 242 37
455 438 47
455 536 31
456 1 1
456 16 17
456 55 6
456 250 38
456 318 49
456 340 45
456 352 22
456 369 42
457 1 1
457 16 17
457 55 1
457 250 42
457 318 59
457 340 53
457 352 22
457 369 48
458 17 22
458 29 13
458 33 1
458 36 31
458 56 49
458 61 10
458 145 1
458 340 40
458 352 28
458 403 36
458 55 1
459 59 41
459 75 5
459 181 1
459 196 9
459 420 26
459 452 36
459 670 5
460 8 1
460 59 47
460 75 1
460 181 1
460 196 1
460 420 26
460 452 36
460 670 1
461 10 1
461 98 1
461 154 21
461 185 14
461 196 28
461 232 42
461 279 1
461 372 1
461 399 49
461 400 35
461 163 1
461 420 1
462 33 1
462 84 1
462 192 60
462 209 22
462 429 46
462 435 40
462 443 30
462 430 39
462 161 1
463 21 29
463 23 21
463 35 17
463 122 1
463 205 33
463 282 13
463 438 49
463 498 37
464 23 1
464 30 1
464 31 1
464 36 33
464 89 49
464 224 57
464 350 25
464 359 42
464 398 1
464 439 61
464 444 45
464 498 30
464 529 47
464 479 13
464 523 21
464 33 1
465 20 22
465 21 43
465 22 19
465 71 8
465 72 26
465 132 1
465 246 33
465 282 36
465 438 54
465 202 36
466 7 1
466 9 28
466 84 1
466 85 43
466 87 58
466 98 1
466 129 16
466 351 19
466 416 67
466 435 37
467 7 28
467 9 1
467 52 1
467 53 43
467 63 67
467 83 19
467 123 1
467 126 58
467 185 16
467 436 37
467 481 32
467 499 19
467 172 16
468 143 1
468 245 1
468 396 1
468 403 1
468 1 1
468 38 1
468 161 1
468 246 1
468 387 1
468 584 1
469 33 1
469 98 1
469 163 38
469 228 30
469 246 33
469 253 27
469 369 46
469 400 1
469 403 49
469 405 54
469 450 1
469 364 38
470 33 1
470 75 15
470 98 22
470 202 43
470 345 36
470 348 71
470 387 50
470 36 1
470 38 1
470 44 1
470 129 1
470 343 1
471 33 1
471 44 29
471 59 71
471 98 22
471 196 15
471 387 50
471 420 36
471 423 43
471 36 1
471 38 1
471 129 1
471 343 1
471 573 40
472 98 16
472 185 23
472 210 20
472 282 1
472 369 38
472 398 1
472 400 31
472 404 42
472 422 1
472 423 1
472 424 1
472 512 27
472 327 45
473 36 32
473 59 56
473 64 1
473 89 40
473 181 1
473 189 13
473 246 1
473 423 28
473 426 20
473 458 33
473 37 41
473 31 1
473 33 1
473 196 30
473 420 15
474 33 1
474 60 7
474 63 67
474 161 51
474 192 62
474 324 29
474 435 40
474 84 15
476 33 1
476 157 31
476 192 61
476 414 73
476 435 49
476 443 1
476 444 55
476 408 49
476 209 25
476 350 18
476 161 0
477 7 1
477 8 1
477 9 1
477 20 1
477 228 25
477 248 61
477 310 14
477 325 37
477 371 51
477 425 22
477 506 42
477 247 45
478 59 51
478 181 1
478 196 13
478 310 1
478 358 28
478 420 37
478 466 22
478 247 42
478 577 23
478 29 1
478 44 1
478 242 1
478 423 1
478 506 0
478 524 30
480 93 21
480 248 36
480 326 51
480 129 21
480 60 21
480 94 49
481 93 21
481 248 36
481 326 51
481 129 21
481 60 21
481 94 49
482 93 21
482 153 76
482 248 36
482 253 31
482 326 51
482 387 61
482 129 21
482 60 21
482 94 49
485 83 57
485 242 33
485 246 1
485 257 81
485 414 73
485 424 17
485 436 49
485 442 65
485 444 88
485 463 96
485 232 6
486 5 1
486 7 1
486 8 1
486 9 1
486 23 1
486 276 25
486 282 1
486 416 100
486 428 50
486 146 1
486 279 25
486 371 65
486 1 1
486 359 66
486 776 42
488 62 29
488 93 1
488 94 93
488 163 47
488 248 38
488 427 66
488 585 99
488 60 18
489 61 24
489 145 1
489 250 39
489 291 61
489 352 46
490 61 24
490 145 1
490 250 39
490 291 61
490 352 46
491 98 11
491 138 84
491 228 29
491 399 93
491 185 29
491 466 1
493 63 80
493 245 40
493 248 60
493 304 30
493 414 20
493 449 100
494 29 17
494 38 65
494 93 1
494 98 1
494 315 97
494 394 73
494 428 49
494 481 41
494 488 25
494 500 89
494 510 1
494 517 57
494 545 1
494 557 1
495 21 25
495 22 7
495 33 1
495 35 10
495 72 22
495 202 34
495 348 28
495 437 43
495 536 16
496 21 28
496 22 1
496 33 1
496 35 1
496 72 24
496 202 40
496 348 32
496 437 52
496 536 16
497 21 28
497 22 1
497 33 1
497 35 1
497 72 24
497 202 44
497 348 32
497 437 62
497 536 16
498 33 1
498 36 25
498 52 7
498 53 33
498 123 19
498 205 21
498 372 31
498 394 43
498 457 37
498 488 15
499 33 1
499 36 28
499 52 1
499 53 39
499 123 20
499 205 23
499 292 17
499 372 36
499 394 52
499 457 44
499 488 15
500 33 1
500 36 28
500 52 1
500 53 43
500 123 20
500 205 23
500 292 17
500 359 1
500 372 38
500 394 62
500 457 50
500 488 15
501 33 1
501 55 7
501 56 43
501 210 19
501 279 25
501 352 23
501 401 35
501 453 29
501 514 37
501 534 17
502 33 1
502 55 1
502 56 52
502 210 20
502 279 28
502 352 25
502 401 41
502 453 33
502 514 44
502 534 17
503 33 1
503 55 1
503 56 62
503 163 36
503 210 20
503 224 1
503 279 28
503 352 25
503 401 45
503 453 33
503 514 50
503 534 17
504 21 36
504 33 1
504 44 6
504 158 28
504 242 16
505 21 43
505 33 1
505 44 1
505 158 32
505 242 16
506 33 1
506 36 15
506 44 8
506 242 22
506 387 36
506 416 40
506 514 29
506 583 45
507 33 1
507 36 15
507 44 1
507 242 24
507 387 42
507 416 47
507 514 33
507 583 52
508 33 1
508 36 15
508 44 1
508 242 24
508 387 51
508 416 59
508 422 1
508 423 1
508 424 1
508 514 36
508 583 63
509 10 1
509 154 12
509 163 30
509 228 15
509 252 21
509 372 28
509 389 46
509 400 37
509 583 49
510 10 1
510 154 12
510 163 34
510 228 15
510 252 22
510 372 31
510 389 55
510 400 43
510 583 58
511 10 1
511 22 10
511 44 19
511 122 7
511 154 13
511 242 43
511 402 22
511 512 31
512 122 1
512 154 1
512 402 1
513 10 1
513 44 19
513 122 7
513 126 34
513 154 13
513 242 43
513 481 22
513 510 10
513 512 31
514 122 1
514 154 1
514 481 1
515 10 1
515 44 19
515 55 10
515 122 7
515 154 13
515 242 43
515 362 34
515 503 22
515 512 31
516 122 1
516 154 1
516 503 1
517 60 11
517 94 37
517 138 41
517 248 31
517 428 23
517 485 25
517 500 47
517 585 40
518 60 1
518 94 1
518 138 1
518 248 1
518 428 1
518 500 1
518 585 1
519 13 32
519 16 1
519 98 11
519 143 50
519 263 43
519 314 15
519 403 29
520 13 36
520 16 1
520 98 1
520 143 59
520 263 50
520 314 15
520 403 32
521 13 38
521 16 1
521 98 1
521 143 66
521 263 55
521 314 15
521 403 33
522 23 29
522 37 43
522 98 1
522 209 25
522 228 22
522 351 11
522 435 32
522 488 18
522 528 39
523 23 31
523 37 53
523 98 1
523 209 25
523 228 22
523 351 11
523 435 36
523 488 18
523 528 47
524 29 10
524 33 1
524 153 40
524 157 27
524 189 17
524 350 14
524 444 36
524 479 23
525 29 1
525 33 1
525 153 55
525 157 30
525 189 17
525 350 14
525 408 25
525 444 48
525 479 23
526 29 1
526 33 1
526 153 55
526 157 30
526 189 17
526 350 14
526 408 25
526 444 48
526 479 23
527 16 8
527 93 1
527 94 41
527 248 36
527 314 21
527 372 12
527 403 32
527 531 15
528 16 1
528 93 1
528 94 41
528 248 36
528 314 21
528 372 1
528 403 32
528 531 15
529 10 1
529 89 33
529 91 19
529 154 12
529 157 29
529 163 26
529 189 8
529 229 5
529 232 15
529 529 43
529 306 24
530 10 1
530 89 36
530 91 19
530 154 12
530 157 29
530 163 26
530 189 1
530 229 1
530 232 15
530 529 55
530 306 24
532 1 1
532 88 16
532 157 31
532 223 34
532 264 46
532 276 49
532 358 20
532 359 40
532 444 43
532 498 24
532 21 24
533 1 1
533 88 16
533 157 33
533 223 37
533 264 53
533 276 57
533 358 20
533 359 45
533 444 49
533 498 24
533 21 24
534 1 1
534 88 16
534 157 33
534 223 37
534 264 53
534 276 57
534 358 20
534 359 45
534 444 49
534 498 24
534 21 24
535 56 42
535 61 12
535 145 1
535 253 23
535 304 45
535 330 27
535 341 16
535 496 9
535 497 38
535 51 4
536 56 47
536 61 12
536 145 1
536 253 23
536 304 51
536 330 28
536 341 16
536 496 1
536 497 42
536 51 1
537 51 36
537 56 53
537 61 12
537 145 1
537 253 23
537 304 59
537 330 28
537 341 16
537 409 44
537 496 1
537 497 49
538 20 1
538 34 29
538 233 17
538 276 49
538 279 21
538 480 25
538 509 37
539 2 25
539 24 13
539 249 1
539 280 29
539 370 49
539 490 17
539 514 37
540 33 1
540 75 15
540 405 36
540 450 8
540 522 22
541 33 1
541 75 1
541 450 1
542 33 1
542 75 1
542 163 29
542 206 1
542 348 36
542 404 39
542 437 50
542 450 1
542 522 22
542 565 34
543 38 43
543 40 5
543 205 1
543 228 12
543 342 19
543 431 40
543 450 22
543 474 26
543 537 33
543 36 28
544 38 50
544 40 1
544 205 1
544 228 12
544 342 19
544 431 46
544 450 23
544 474 28
544 537 37
544 36 32
545 38 55
545 40 1
545 205 1
545 224 1
545 228 12
545 342 19
545 431 50
545 450 23
545 474 28
545 537 39
545 36 34
546 71 1
546 72 13
546 75 19
546 76 46
546 202 26
546 412 35
546 584 1
547 16 10
547 72 1
547 542 46
547 585 50
547 71 1
547 75 1
547 76 1
547 202 1
547 412 1
547 584 1
548 71 1
548 72 13
548 202 26
548 345 19
548 412 35
548 437 46
551 37 46
551 44 4
551 89 43
551 91 31
551 99 1
551 189 19
551 242 28
551 328 13
551 372 16
551 492 37
551 681 1
552 37 52
552 44 1
552 89 48
552 91 32
552 99 1
552 189 19
552 242 28
552 328 13
552 372 16
552 492 40
552 681 1
553 44 1
553 89 54
553 91 32
553 99 1
553 189 19
553 200 60
553 242 28
553 328 13
553 372 16
553 492 42
553 681 1
553 37 51
554 7 22
554 29 14
554 33 1
554 37 27
554 99 9
554 205 3
554 253 17
554 263 19
554 276 39
554 315 42
554 394 33
554 424 11
554 510 6
554 44 8
554 52 1
556 42 10
556 64 1
556 71 1
556 72 13
556 76 50
556 80 38
556 202 26
556 302 22
556 389 42
556 572 48
557 157 29
557 163 31
557 185 13
557 210 1
557 350 5
557 404 35
557 439 43
557 450 23
557 479 17
558 157 29
558 163 31
558 185 13
558 350 1
558 404 38
558 439 55
558 450 23
558 479 17
558 210 1
559 29 12
559 136 31
559 185 9
559 242 38
559 263 42
559 264 49
559 280 20
559 371 23
559 431 45
559 457 53
559 498 27
560 29 12
560 136 31
560 185 1
560 242 38
560 263 45
560 264 58
560 280 20
560 371 23
560 431 51
560 457 65
560 498 27
561 16 1
561 60 18
561 94 44
561 143 51
561 314 21
561 403 41
561 485 31
561 93 1
562 247 37
562 310 1
562 466 25
562 506 17
562 399 44
563 247 39
563 310 1
563 466 25
563 506 17
563 399 50
563 421 0
564 44 8
564 55 1
564 56 51
564 157 45
564 205 5
564 242 21
564 246 18
564 362 28
564 401 41
564 453 15
564 479 31
565 44 8
565 55 1
565 56 61
565 157 51
565 205 1
565 242 21
565 246 18
565 362 28
565 401 45
565 453 15
565 479 31
566 17 1
566 37 51
566 88 5
566 98 1
566 157 45
566 225 31
566 242 35
566 246 18
566 337 48
566 365 15
566 369 41
566 512 28
567 17 1
567 37 61
567 88 1
567 98 1
567 157 51
567 225 31
567 242 35
567 246 18
567 337 56
567 365 15
567 369 45
567 512 28
568 1 1
568 3 14
568 36 25
568 124 18
568 153 47
568 188 29
568 441 45
568 491 12
568 499 34
568 562 42
569 1 1
569 3 14
569 34 25
569 124 18
569 153 59
569 188 29
569 441 54
569 491 12
569 499 34
569 562 49
569 36 1
569 232 1
570 10 1
570 154 13
570 185 17
570 228 5
570 492 29
570 539 57
570 282 24
571 10 1
571 154 13
571 185 17
571 228 1
571 369 1
571 400 30
571 492 29
571 539 64
571 282 24
572 1 1
572 3 13
572 21 37
572 129 19
572 304 43
572 358 31
572 387 45
572 497 33
572 541 25
573 331 1
573 350 1
573 541 1
573 1 1
573 21 1
573 129 1
573 304 1
573 387 1
573 497 1
574 1 1
574 3 14
574 60 16
574 93 3
574 94 37
574 185 24
574 248 31
574 473 25
575 1 1
575 3 14
575 60 16
575 93 1
575 94 39
575 185 24
575 248 31
575 473 25
576 1 1
576 3 14
576 60 16
576 93 1
576 94 39
576 185 24
576 248 31
576 473 25
577 94 37
577 205 7
577 237 14
577 248 31
577 473 25
577 60 12
577 93 1
578 94 39
578 205 1
578 237 14
578 248 31
578 473 25
578 60 12
578 93 1
579 94 39
579 146 41
579 205 1
579 237 14
579 248 31
579 473 25
579 60 12
579 93 1
579 359 0
580 17 9
580 55 1
580 61 19
580 332 15
580 352 13
580 403 27
580 413 41
580 542 46
581 17 1
581 55 1
581 61 19
581 332 15
581 352 13
581 403 27
581 413 47
581 542 55
582 58 35
582 59 49
582 196 13
582 253 10
582 310 7
582 333 1
582 419 19
582 429 26
583 58 36
583 59 53
583 196 13
583 253 1
583 310 1
583 333 1
583 419 19
583 429 26
584 58 36
584 59 59
584 196 13
584 253 1
584 310 1
584 311 1
584 333 1
584 419 19
584 429 26
584 573 1
584 556 1
585 24 10
585 26 24
585 33 1
585 36 20
585 38 46
585 76 51
585 185 16
585 412 32
586 24 10
586 26 24
586 33 1
586 36 20
586 38 52
586 76 60
586 185 16
586 224 1
586 412 32
586 532 37
587 84 1
587 98 4
587 209 13
587 228 16
587 351 22
587 435 50
587 512 30
587 521 42
587 609 15
588 29 20
588 31 16
588 36 37
588 38 56
588 64 1
588 163 32
588 206 25
588 210 13
588 404 44
588 405 28
588 491 16
589 29 20
589 31 16
589 41 1
589 64 1
589 163 32
589 206 25
589 404 44
589 405 28
589 416 56
589 442 37
589 38 1
589 565 1
589 36 1
589 210 1
589 491 16
590 71 1
590 72 15
590 76 43
590 185 20
590 202 28
590 310 8
590 499 39
591 71 1
591 72 15
591 76 49
591 185 20
591 202 28
591 310 1
591 499 43
592 56 49
592 61 13
592 71 5
592 145 1
592 323 61
592 352 22
592 362 32
592 466 27
592 506 43
592 40 4
592 55 1
592 247 32
592 250 36
593 56 53
593 61 13
593 71 1
593 145 1
593 323 69
593 352 22
593 362 32
593 466 27
593 506 45
593 40 1
593 55 1
593 247 32
593 250 36
594 1 1
594 3 13
594 56 61
594 352 25
594 358 29
594 362 41
594 453 9
594 250 49
595 141 1
595 163 26
595 210 12
595 324 34
595 389 40
595 405 48
595 435 45
595 450 18
595 527 15
595 71 1
596 141 1
596 163 26
596 210 12
596 324 34
596 389 46
596 405 60
596 435 54
596 450 18
596 527 15
596 71 1
597 33 1
597 42 18
597 120 38
597 153 55
597 205 6
597 232 14
597 371 47
597 429 30
597 430 52
597 442 43
598 33 1
598 42 18
598 120 38
598 153 67
598 205 1
598 232 14
598 371 53
598 429 30
598 430 61
598 431 1
598 438 40
598 442 46
599 11 1
599 20 21
599 63 57
599 84 11
599 192 54
599 429 36
599 435 42
599 451 26
599 544 16
600 11 1
600 20 21
600 63 64
600 84 1
600 192 60
600 429 36
600 435 44
600 451 26
600 544 1
601 11 1
601 20 21
601 63 72
601 84 1
601 192 66
601 429 36
601 435 44
601 451 25
601 544 1
602 33 1
602 209 1
602 451 1
603 20 9
603 29 1
603 37 74
603 51 19
603 85 44
603 192 69
603 209 1
603 242 39
603 435 29
603 451 1
603 491 49
603 528 59
604 29 1
604 51 1
604 242 1
604 306 1
604 435 1
604 37 1
604 192 1
605 29 18
605 60 15
605 93 1
605 94 39
605 237 22
605 428 32
605 485 53
606 29 18
606 60 15
606 93 1
606 94 39
606 237 22
606 428 32
606 485 63
607 52 1
607 83 7
607 123 5
607 247 49
607 310 1
607 315 61
607 481 20
607 506 28
607 517 38
608 52 1
608 83 7
608 123 1
608 247 53
608 310 1
608 315 69
608 481 20
608 506 28
608 517 38
609 123 1
609 481 1
609 506 1
609 52 1
609 83 1
609 247 1
609 310 1
609 315 1
609 517 1
610 10 1
610 163 20
610 200 56
610 206 24
610 337 28
610 372 7
610 406 41
610 416 61
610 530 13
610 44 3
610 242 24
611 10 1
611 163 20
611 200 60
611 206 24
611 337 28
611 372 1
611 406 42
611 416 66
611 530 13
611 44 1
611 242 24
612 10 1
612 163 20
612 200 66
612 206 24
612 337 28
612 372 1
612 406 42
612 416 74
612 530 13
612 44 1
612 242 24
613 37 53
613 59 45
613 154 17
613 163 33
613 181 1
613 196 13
613 362 21
613 524 18
614 37 59
614 59 45
614 154 17
614 163 33
614 181 1
614 196 1
614 276 1
614 362 21
614 556 37
614 453 1
614 524 18
615 20 1
615 58 33
615 62 25
615 76 53
615 163 41
615 196 17
615 229 13
615 400 57
615 420 5
615 573 50
615 246 21
616 34 40
616 51 4
616 72 20
616 141 1
616 202 37
616 405 44
616 522 16
616 71 1
617 72 20
617 98 1
617 129 25
617 141 1
617 202 37
617 369 40
617 405 44
617 491 1
617 522 16
617 594 1
617 71 1
617 34 1
617 51 1
619 1 1
619 3 17
619 26 37
619 129 21
619 136 53
619 252 13
619 340 49
619 369 41
619 395 29
619 396 61
619 409 33
619 154 15
620 1 1
620 3 17
620 26 37
620 129 21
620 136 56
620 252 1
620 340 49
620 369 41
620 395 29
620 396 70
620 409 33
620 154 15
621 10 1
621 44 9
621 163 21
621 200 62
621 242 25
621 276 55
621 279 35
621 337 27
621 400 40
621 431 49
621 498 31
621 525 45
621 232 15
621 442 45
622 1 1
622 5 21
622 89 45
622 189 5
622 205 9
622 223 30
622 264 55
622 310 1
622 325 13
622 359 50
622 707 21
622 247 36
622 566 44
623 1 1
623 5 21
623 89 50
623 189 1
623 205 9
623 223 30
623 264 70
623 310 1
623 325 13
623 359 60
623 566 1
623 667 1
623 707 21
623 247 36
624 10 1
624 163 30
624 185 17
624 210 9
624 232 25
624 372 33
624 400 49
624 442 54
625 10 1
625 163 30
625 185 17
625 210 1
625 232 25
625 372 33
625 400 49
625 442 57
626 30 16
626 31 11
626 37 51
626 99 6
626 224 41
626 228 1
626 279 26
626 416 61
626 543 31
626 33 1
626 675 35
627 17 10
627 31 5
627 37 64
627 64 1
627 163 28
627 306 46
627 332 23
627 403 41
627 413 59
627 507 50
628 17 1
628 31 1
628 37 70
628 64 1
628 163 28
628 276 51
628 306 46
628 332 23
628 403 41
628 413 63
628 507 50
628 143 1
629 16 1
629 31 5
629 185 23
629 365 10
629 399 46
629 403 41
629 413 59
629 282 24
630 16 1
630 31 1
630 185 23
630 198 51
630 365 1
630 399 46
630 403 41
630 413 63
630 143 1
630 282 24
631 20 11
631 53 51
631 83 16
631 122 1
631 154 21
631 163 41
631 450 36
631 481 31
631 510 1
631 517 61
631 33 1
631 394 61
631 680 44
632 11 1
632 44 11
632 91 41
632 210 6
632 232 21
632 242 31
632 404 51
632 442 36
632 450 26
633 21 28
633 29 12
633 33 1
633 34 48
633 44 9
633 200 62
633 225 17
633 242 25
633 304 58
633 406 32
633 407 42
633 372 16
634 21 28
634 29 12
634 34 48
634 44 1
634 200 71
634 225 17
634 242 25
634 304 64
634 406 32
634 407 42
634 458 1
634 33 1
634 372 16
635 21 28
635 29 12
635 34 48
635 44 1
635 161 1
635 200 79
635 225 17
635 242 25
635 304 68
635 406 32
635 407 42
635 33 1
635 63 76
635 372 16
635 458 1
636 36 20
636 37 90
636 38 50
636 52 1
636 141 10
636 172 60
636 394 100
636 405 70
636 450 40
636 488 30
636 71 10
636 522 12
637 16 1
637 52 1
637 83 30
637 141 1
637 257 60
637 318 50
637 405 70
637 542 90
637 552 100
637 37 1
637 172 1
637 394 1
637 71 1
637 36 1
637 38 1
637 126 70
637 450 24
637 488 1
637 522 1
638 24 7
638 36 19
638 98 1
638 232 13
638 370 73
638 442 37
638 514 31
638 533 42
639 24 7
639 36 19
639 98 1
639 157 37
639 370 73
639 444 67
639 479 13
639 514 31
639 533 42
640 24 7
640 36 19
640 98 1
640 202 37
640 345 13
640 348 67
640 370 73
640 514 31
640 533 42
643 53 22
643 126 78
643 163 36
643 200 85
643 225 29
643 242 71
643 246 15
643 304 92
643 326 43
643 406 54
643 424 1
643 551 100
643 558 50
644 85 22
644 87 78
644 163 36
644 200 85
644 225 29
644 242 71
644 246 15
644 304 92
644 337 54
644 422 1
644 428 43
644 550 100
644 559 50
649 63 73
649 98 1
649 120 77
649 161 44
649 163 29
649 192 66
649 210 7
649 232 1
649 324 40
649 404 51
649 405 55
649 443 22
649 488 18
649 546 1
649 565 1
650 22 5
650 33 1
650 34 42
650 36 27
650 42 18
650 44 11
650 205 8
650 341 35
650 402 32
650 452 48
651 22 5
651 33 1
651 34 48
651 36 30
651 42 20
651 44 11
651 205 8
651 302 26
651 341 39
651 402 35
651 452 55
652 22 5
652 33 1
652 34 48
652 36 30
652 42 20
652 44 11
652 205 8
652 302 26
652 341 41
652 359 1
652 364 1
652 402 35
652 416 70
652 452 55
653 10 1
653 52 5
653 53 35
653 60 17
653 83 20
653 94 41
653 126 48
653 473 31
653 488 14
654 10 1
654 52 5
654 53 41
654 60 18
654 83 22
654 94 48
654 126 55
654 473 34
654 488 14
655 10 1
655 52 5
655 53 42
655 60 18
655 83 22
655 94 51
655 126 61
655 247 1
655 248 1
655 473 34
655 488 14
655 595 36
656 1 1
656 56 48
656 98 8
656 122 10
656 145 5
656 340 39
656 352 14
656 479 29
656 496 21
657 1 1
657 56 55
657 98 8
657 122 10
657 145 5
657 340 44
657 352 14
657 479 33
657 496 23
658 1 1
658 56 60
658 98 8
658 122 10
658 145 5
658 185 33
658 326 49
658 352 14
658 400 1
658 425 23
658 594 36
659 3 10
659 24 20
659 33 1
659 36 15
659 89 49
659 91 33
659 98 7
659 189 13
659 263 47
659 340 38
659 341 18
659 523 21
660 24 20
660 33 1
660 36 15
660 89 57
660 91 37
660 98 7
660 189 13
660 263 53
660 340 42
660 341 18
660 359 1
660 523 1
660 3 13
661 13 25
661 33 1
661 64 10
661 98 6
661 211 48
661 488 34
661 512 39
661 19 50
661 52 10
661 332 30
662 13 27
662 33 1
662 52 17
662 64 10
662 98 6
662 211 55
662 488 38
662 512 42
662 19 64
662 332 36
662 364 1
663 13 27
663 33 1
663 52 17
663 64 10
663 98 6
663 211 60
663 394 1
663 413 1
663 488 39
663 512 44
663 19 74
663 332 38
663 364 1
664 33 1
664 450 15
666 16 1
666 60 17
666 405 35
666 522 12
666 542 50
666 577 25
667 29 11
667 33 1
667 36 20
667 52 5
667 53 36
667 242 39
667 304 43
667 315 50
667 424 23
667 497 33
667 510 46
668 29 11
668 33 1
668 36 20
668 52 5
668 53 38
668 63 1
668 242 42
668 304 48
668 315 57
668 424 23
668 497 33
668 510 51
669 22 1
669 33 1
669 75 15
669 76 48
669 80 45
669 345 22
669 572 28
669 584 6
669 585 41
670 22 1
670 33 1
670 75 15
670 76 58
670 80 51
670 345 25
670 572 33
670 584 6
670 585 46
671 80 1
671 345 1
671 572 1
671 574 1
671 585 1
672 22 7
672 33 1
672 36 22
672 38 38
672 75 13
672 348 45
672 402 30
672 523 26
672 532 42
673 22 7
673 33 1
673 36 22
673 38 40
673 75 13
673 89 60
673 332 1
673 348 55
673 402 30
673 523 26
673 532 47
674 2 12
674 4 15
674 33 1
674 34 33
674 163 20
674 233 27
674 242 39
674 292 7
674 327 48
674 509 25
674 490 16
675 2 12
675 4 15
675 33 1
675 34 35
675 163 20
675 233 27
675 242 42
675 292 7
675 327 52
675 359 1
675 490 70
675 509 25
675 418 0
675 400 0
676 29 12
676 33 1
676 36 35
676 44 22
676 389 42
676 514 33
677 10 1
677 60 17
677 93 9
677 252 19
677 343 5
677 473 25
677 574 22
679 33 1
679 163 29
679 210 5
679 228 13
679 332 22
679 400 35
679 425 20
679 442 42
679 514 26
679 533 47
680 33 1
680 163 29
680 210 5
680 228 13
680 332 22
680 400 36
680 425 20
680 442 45
680 514 26
680 533 51
682 94 48
682 497 13
682 574 50
682 577 21
682 584 1
682 585 31
683 94 48
683 497 13
683 574 53
683 577 21
683 584 1
683 585 31
684 33 1
684 412 36
684 496 13
684 577 31
684 583 49
684 584 5
685 33 1
685 412 36
685 496 13
685 577 31
685 583 49
685 584 5
686 33 1
686 60 21
686 64 1
686 132 1
686 163 43
686 276 48
686 365 35
686 371 27
686 400 46
686 427 39
686 492 8
686 35 6
687 33 1
687 60 21
687 64 1
687 132 1
687 163 43
687 276 1
687 365 35
687 371 27
687 400 46
687 427 39
687 492 8
687 35 1
688 10 1
688 55 4
688 128 20
688 154 10
688 163 13
688 189 18
688 210 37
688 238 49
688 246 28
688 400 41
688 534 45
689 10 1
689 55 4
689 128 20
689 130 1
689 154 10
689 163 13
689 189 18
689 210 37
689 238 55
689 246 28
689 400 44
689 444 1
689 534 48
690 33 1
690 51 15
690 55 1
690 56 42
690 145 12
690 185 5
690 188 38
690 342 23
690 352 25
690 401 35
690 406 49
691 33 1
691 51 15
691 55 1
691 56 42
691 145 12
691 185 5
691 188 38
691 239 1
691 342 23
691 352 25
691 401 35
691 406 53
691 525 1
691 200 66
692 11 9
692 55 1
692 61 20
692 145 12
692 152 30
692 330 48
692 352 34
692 453 43
692 479 39
692 340 45
692 396 40
693 11 9
693 55 1
693 61 20
693 145 12
693 152 30
693 330 53
693 352 34
693 396 1
693 399 1
693 406 1
693 453 47
693 479 42
693 340 49
694 1 1
694 13 22
694 84 6
694 85 49
694 98 17
694 189 13
694 521 40
694 523 35
694 570 25
694 87 44
695 13 1
695 87 1
695 98 1
695 570 1
695 1 1
695 84 1
695 85 1
695 189 1
695 435 1
695 521 1
695 523 1
696 23 10
696 33 1
696 37 40
696 44 17
696 89 44
696 242 34
696 246 26
696 337 37
696 525 30
696 157 28
697 23 10
697 33 1
697 37 42
697 44 17
697 89 47
697 157 68
697 242 34
697 246 26
697 337 37
697 416 75
697 457 1
697 525 30
698 36 15
698 58 50
698 59 65
698 62 20
698 63 57
698 88 10
698 181 1
698 196 13
698 246 26
698 419 34
698 496 30
698 573 36
699 36 15
699 58 56
699 59 74
699 62 20
699 63 63
699 88 10
699 181 1
699 196 13
699 246 26
699 419 34
699 496 30
699 573 1
700 33 1
700 98 13
700 129 17
700 387 41
700 574 1
700 577 20
700 584 9
700 585 37
700 36 1
700 38 1
700 44 1
700 343 1
701 2 4
701 17 8
701 33 1
701 136 44
701 143 48
701 332 16
701 340 32
701 507 55
701 560 28
701 66 24
702 33 1
702 84 7
702 87 45
702 173 31
702 435 50
702 451 34
702 521 26
702 570 17
702 583 42
702 609 20
703 33 1
703 88 5
703 246 31
703 408 46
703 444 49
703 479 12
703 585 50
703 157 35
704 33 1
704 34 32
704 71 5
704 145 1
704 225 18
704 330 38
704 406 42
704 55 5
704 352 25
705 33 1
705 34 32
705 71 5
705 145 1
705 225 18
705 330 38
705 406 47
705 55 1
705 352 25
705 491 0
706 33 1
706 34 32
706 71 5
706 145 1
706 200 1
706 225 18
706 330 38
706 364 1
706 401 50
706 406 47
706 438 55
706 55 1
706 342 1
706 352 25
706 491 1
707 33 1
707 310 8
707 429 34
707 492 27
707 577 18
707 583 43
707 584 5
707 387 52
707 430 36
708 33 1
708 185 19
708 310 5
708 452 49
708 532 54
708 566 45
708 506 20
708 785 4
709 33 1
709 185 19
709 310 5
709 421 55
709 452 49
709 532 1
709 566 45
709 506 20
709 785 1
712 33 1
712 36 15
712 38 49
712 44 1
712 59 43
712 181 5
712 196 10
712 229 35
712 301 30
712 419 39
712 423 26
712 242 33
713 33 1
713 36 15
713 38 56
713 44 1
713 59 46
713 130 1
713 181 5
713 196 10
713 229 35
713 242 1
713 301 30
713 419 42
713 423 26
713 34 0
714 13 31
714 16 11
714 17 16
714 33 1
714 44 13
714 141 5
714 314 23
714 403 48
714 542 58
714 71 5
715 13 31
715 16 11
715 17 16
715 33 1
715 44 13
715 141 5
715 314 23
715 403 53
715 406 1
715 542 1
715 586 1
715 71 1
716 36 1
716 62 10
716 200 93
716 224 44
716 370 80
716 400 51
716 416 88
716 532 55
716 585 35
716 33 1
717 13 1
717 63 88
717 94 59
717 143 93
717 389 80
717 399 44
717 403 10
717 407 63
717 411 72
717 492 51
717 542 1
717 555 18
717 566 55
717 613 26
717 16 1
721 23 28
721 34 46
721 36 1
721 56 50
721 153 76
721 311 40
721 315 65
721 352 21
721 394 1
721 488 15
721 503 32
721 592 1
721 55 1
721 83 1
721 510 36
722 31 29
722 33 1
722 64 8
722 75 15
722 310 11
722 348 36
722 365 22
722 389 32
722 413 43
722 670 1
722 466 16
722 425 12
723 31 33
723 33 1
723 64 1
723 75 15
723 310 11
723 348 42
723 365 24
723 389 37
723 413 51
723 670 1
723 466 16
723 425 12
724 31 33
724 33 1
724 64 1
724 75 15
724 310 11
724 348 44
724 365 24
724 369 1
724 389 38
724 413 55
724 662 0
724 670 1
724 425 1
724 437 1
724 466 16
724 566 1
725 10 1
725 37 32
725 44 22
725 52 1
725 53 36
725 122 8
725 154 29
725 200 46
725 394 43
725 424 15
725 24 16
726 10 1
726 37 37
726 44 24
726 52 1
726 53 42
726 122 1
726 154 33
726 200 55
726 394 51
726 424 15
726 24 16
727 10 1
727 37 38
727 44 24
727 52 1
727 53 44
727 122 1
727 154 33
727 200 60
727 238 66
727 394 55
727 424 15
727 663 0
727 675 1
727 24 16
728 1 1
728 3 29
728 55 1
728 56 43
728 61 22
728 304 32
728 453 15
728 574 8
728 585 36
728 196 16
729 1 1
729 3 33
729 55 1
729 56 51
729 61 24
729 304 37
729 453 15
729 574 1
729 585 42
729 196 16
730 1 1
730 3 33
730 55 1
730 56 55
730 61 24
730 304 38
730 453 15
730 574 1
730 585 44
730 664 0
730 196 16
731 31 21
731 64 1
731 65 27
731 249 9
731 304 37
731 331 31
731 365 15
731 497 7
732 31 24
732 64 1
732 65 32
732 249 1
732 304 45
732 331 37
732 350 1
732 365 16
732 497 1
733 31 24
733 64 1
733 65 34
733 249 1
733 304 50
733 331 40
733 350 1
733 365 16
733 497 1
733 690 0
734 33 1
734 36 28
734 37 43
734 44 19
734 158 37
734 189 22
734 228 7
734 242 34
735 33 1
735 36 31
735 37 51
735 44 19
735 158 43
735 189 23
735 228 1
735 242 39
736 11 1
736 44 10
736 91 28
736 189 7
736 209 16
736 242 22
736 404 25
736 450 13
736 512 19
737 11 1
737 44 1
737 91 37
737 189 1
737 209 16
737 242 25
737 404 31
737 435 43
737 450 13
737 512 19
738 11 1
738 44 1
738 85 0
738 91 37
738 189 1
738 192 41
738 209 16
738 403 1
738 405 31
738 450 13
738 512 19
738 19 50
738 242 1
738 404 1
738 435 1
739 61 17
739 145 1
739 146 25
739 152 37
739 223 45
739 228 13
739 249 5
739 370 49
739 371 29
739 612 22
740 8 0
740 61 17
740 145 1
740 146 25
740 223 45
740 228 1
740 249 1
740 370 49
740 419 29
740 612 22
740 665 37
742 71 1
742 318 13
742 405 26
742 522 10
742 577 16
742 584 4
742 605 31
743 71 1
743 318 13
743 405 28
743 522 1
743 577 16
743 584 1
743 605 35
743 676 0
743 343 1
744 33 1
744 44 7
744 88 15
744 157 34
744 242 40
744 317 23
744 431 45
744 444 48
747 40 1
747 42 45
747 44 9
747 64 5
747 131 29
747 398 37
747 474 25
747 710 49
748 40 1
748 42 51
748 44 1
748 64 1
748 131 29
748 398 37
748 474 25
748 710 58
749 23 17
749 24 15
749 25 43
749 89 38
749 189 1
749 276 45
749 523 10
749 667 24
749 70 20
749 249 1
750 23 17
750 24 15
750 25 55
750 89 47
750 189 1
750 276 60
750 523 1
750 667 24
750 70 20
750 249 1
751 44 21
751 61 16
751 141 29
751 145 1
751 242 32
751 450 13
751 611 5
751 679 37
751 710 45
751 29 20
751 55 1
752 44 21
752 61 16
752 141 33
752 145 1
752 242 38
752 450 1
752 611 1
752 679 45
752 710 57
752 29 20
752 55 1
753 75 10
753 76 41
753 163 32
753 210 1
753 348 23
753 670 5
753 404 30
754 75 1
754 163 32
754 210 1
754 348 23
754 404 1
754 572 0
754 669 47
754 670 1
754 400 1
754 76 1
754 530 1
755 71 1
755 72 15
755 138 43
755 202 29
755 310 4
755 585 39
755 605 32
756 71 1
756 72 15
756 138 49
756 202 31
756 310 1
756 585 44
756 605 38
757 3 21
757 10 1
757 52 5
757 53 40
757 123 16
757 406 48
757 474 37
757 481 24
757 305 15
757 510 30
758 1 1
758 3 21
758 52 1
758 53 44
758 123 16
758 406 56
758 474 39
758 481 24
758 10 1
758 282 1
758 305 15
758 510 30
758 680 0
759 33 1
759 36 28
759 37 37
759 38 46
759 276 50
759 359 32
759 371 23
759 693 14
759 70 20
760 20 0
760 33 1
760 36 30
760 37 43
760 38 56
760 276 62
760 359 36
760 371 23
760 693 14
760 70 20
761 75 13
761 229 9
761 345 21
762 3 0
762 23 29
762 75 1
762 229 1
762 345 21
762 437 45
763 3 1
763 23 29
763 75 1
763 136 49
763 229 1
763 345 21
763 437 45
763 688 0
763 438 53
764 22 1
764 35 16
764 80 40
764 345 10
764 572 25
764 577 7
764 583 49
765 93 1
765 94 43
765 185 22
765 248 46
765 428 29
765 492 36
765 500 15
766 33 1
766 36 22
766 37 29
766 38 36
766 249 8
766 370 43
766 416 50
767 522 1
768 42 41
768 163 21
768 210 1
768 249 1
768 389 31
768 450 10
768 522 1
768 534 26
768 660 0
768 710 48
768 341 12
769 71 1
769 72 18
769 202 36
769 247 41
769 310 5
769 328 14
769 414 45
769 523 23
770 71 1
770 72 18
770 202 36
770 247 41
770 310 1
770 328 14
770 414 47
770 523 23
772 13 70
772 33 1
772 36 40
772 38 80
772 99 5
772 161 75
772 228 10
772 306 25
772 332 20
772 403 60
772 404 35
772 442 50
772 458 55
773 13 70
773 33 1
773 36 40
773 38 80
773 44 15
773 99 5
773 161 75
773 228 10
773 242 50
773 305 1
773 306 25
773 332 20
773 403 60
773 404 35
773 422 1
773 423 1
773 424 1
773 442 1
773 458 55
773 718 0
773 153 1
775 21 21
775 37 46
775 205 1
775 229 11
775 389 31
775 452 41
776 33 1
776 34 33
776 52 1
776 53 29
776 123 5
776 153 53
776 315 49
776 406 41
776 510 13
776 704 45
777 33 1
777 42 45
777 84 1
777 205 9
777 209 17
777 435 29
777 528 41
777 565 53
777 609 21
777 716 33
779 44 12
779 55 1
779 93 9
779 242 28
779 310 4
779 401 33
779 453 17
779 485 44
779 706 41
780 19 45
780 200 53
780 225 29
780 239 5
780 304 49
780 326 37
780 406 41
780 497 1
781 21 45
781 35 9
781 71 1
781 72 5
781 202 23
781 229 1
781 247 36
781 250 27
781 310 1
781 412 41
781 438 59
781 566 54
781 677 32
782 29 25
782 33 1
782 200 53
782 337 41
782 525 17
783 29 25
783 33 1
783 200 58
783 327 0
783 337 43
783 525 17
783 370 63
784 29 25
784 33 1
784 200 67
784 327 1
784 337 43
784 525 17
784 691 0
784 370 75
784 586 76
785 84 1
785 98 1
785 206 1
785 209 8
785 351 14
785 413 1
785 435 48
785 528 32
785 584 10
786 60 14
786 93 1
786 310 1
786 326 48
786 473 32
786 577 1
786 585 58
787 30 8
787 130 58
787 202 14
787 224 53
787 276 1
787 428 48
787 452 1
787 532 32
787 670 1
787 72 20
787 249 1
788 55 1
788 56 58
788 250 14
788 330 48
788 352 8
788 362 32
788 585 1
788 57 40
788 574 1
791 76 47
791 232 1
791 242 37
791 358 1
791 394 61
791 416 73
791 428 19
791 430 23
791 442 7
791 713 0
791 528 56
792 63 73
792 93 1
792 138 59
792 247 23
792 403 19
792 539 37
792 566 61
792 585 47
792 714 0
793 1 1
793 29 19
793 51 1
793 132 1
793 408 37
793 457 73
793 474 23
793 491 47
793 499 7
793 35 1
794 4 7
794 5 37
794 8 1
794 9 1
794 141 29
794 223 59
794 233 19
794 264 73
794 276 67
794 359 47
794 565 1
794 612 1
794 679 53
795 23 13
795 24 1
795 26 31
795 129 7
795 136 67
795 167 43
795 229 1
795 318 23
795 340 29
795 364 19
795 405 53
795 679 47
795 450 15
796 9 23
796 35 1
796 84 1
796 85 37
796 192 73
796 209 1
796 324 31
796 351 13
796 435 47
796 438 59
797 33 1
797 38 73
797 71 1
797 72 13
797 130 53
797 202 31
797 402 47
797 403 1
797 430 37
797 442 29
797 479 7
798 15 1
798 75 13
798 206 7
798 210 1
798 314 1
798 332 23
798 348 43
798 400 31
798 403 59
798 404 47
798 410 1
798 427 67
798 533 1
799 23 7
799 37 47
799 44 1
799 231 29
799 242 37
799 359 43
799 407 73
799 525 23
799 537 19
799 562 1
799 693 13
799 707 31
799 34 35
799 282 10
799 416 70
801 60 1
801 62 17
801 396 81
801 429 25
801 430 41
801 442 1
801 485 73
801 705 49
801 192 84
801 205 12
802 7 1
802 8 1
802 9 1
802 26 35
802 27 15
802 228 1
802 325 26
802 364 11
802 370 50
802 372 1
802 389 56
802 395 5
802 409 1
802 425 1
802 712 45
803 31 7
803 51 1
803 64 1
803 398 37
803 406 1
803 474 13
803 565 47
804 31 7
804 51 1
804 64 1
804 314 0
804 398 37
804 403 53
804 406 1
804 474 13
804 565 47
804 407 70
805 33 1
805 36 19
805 38 61
805 88 23
805 157 5
805 350 47
805 442 43
805 23 15
806 52 1
806 126 37
806 247 41
806 310 1
806 481 17
806 500 13
806 720 59
806 83 1
806 510 30
806 595 40
807 9 29
807 10 1
807 98 8
807 154 12
807 163 33
807 209 1
807 252 22
807 370 47
807 435 50
807 521 15
807 528 36
807 555 19
807 721 43
807 612 1
808 29 1
808 84 27
808 430 45
809 5 54
809 9 0
809 29 1
809 63 90
809 84 27
809 276 81
809 430 45
809 742 72
809 223 72
809 435 64
810 10 1
810 21 24
810 75 12
810 253 28
810 282 20
810 452 32
810 785 6
811 10 1
811 21 30
811 75 12
811 253 36
811 282 24
811 452 42
811 458 0
811 785 1
812 10 1
812 21 30
812 75 12
812 253 38
812 282 24
812 452 46
812 458 1
812 586 62
812 778 0
812 785 1
813 24 12
813 29 24
813 33 1
813 38 36
813 52 6
813 98 8
813 340 32
813 488 17
814 24 12
814 29 30
814 33 1
814 38 48
814 52 1
814 98 1
814 340 42
814 488 19
815 24 12
815 29 30
815 33 1
815 38 54
815 52 1
815 98 1
815 340 46
815 364 1
815 488 19
815 780 0
816 1 1
816 20 8
816 55 6
816 352 12
816 369 24
816 389 20
816 710 28
817 1 1
817 20 1
817 55 1
817 352 12
817 369 30
817 389 24
817 710 36
818 1 1
818 20 1
818 55 1
818 56 62
818 352 12
818 369 30
818 389 24
818 512 1
818 710 38
818 745 0
819 33 1
819 34 20
819 44 5
819 331 35
819 562 45
820 33 1
820 34 20
820 44 1
820 331 41
820 343 0
820 562 55
821 31 12
821 64 1
821 65 28
821 365 16
821 413 36
821 681 4
822 31 12
822 64 1
822 65 34
822 365 16
822 413 46
822 681 1
823 31 12
823 64 1
823 65 34
823 211 0
823 365 16
823 413 50
823 681 1
824 522 1
825 93 0
825 522 1
826 60 16
826 93 1
826 94 36
826 405 28
826 522 1
827 98 1
827 372 16
827 389 24
827 400 28
827 492 36
827 541 32
827 555 12
828 98 1
828 168 0
828 372 16
828 389 28
828 400 34
828 492 46
828 541 40
828 555 12
829 75 12
829 229 4
829 304 28
829 437 36
829 496 16
829 536 21
829 670 1
830 75 12
830 229 1
830 304 34
830 437 46
830 496 16
830 536 23
830 670 1
831 24 16
831 29 21
831 33 1
831 36 25
831 38 40
832 24 16
832 29 21
832 33 1
832 36 27
832 38 50
832 387 56
833 29 21
833 33 1
833 34 49
833 44 7
833 55 1
833 710 42
833 746 35
834 29 21
834 33 1
834 34 57
834 44 1
834 55 1
834 242 1
834 317 0
834 457 66
834 534 1
834 710 48
834 746 39
835 33 1
835 44 10
835 209 20
835 242 30
835 528 40
835 583 45
835 609 5
836 33 1
836 44 1
836 209 20
836 242 34
836 528 48
836 583 55
836 609 1
837 33 1
837 229 5
837 246 20
837 350 40
837 479 10
837 510 25
838 33 1
838 229 1
838 246 20
838 350 48
838 479 1
838 488 0
838 510 27
838 682 55
839 33 1
839 229 1
839 246 20
839 350 54
839 479 1
839 488 1
839 510 27
839 682 63
840 310 1
841 17 0
841 19 40
841 225 20
841 239 1
841 310 1
841 406 28
841 407 44
841 491 4
841 512 8
841 788 32
842 23 8
842 29 0
842 34 32
842 310 1
842 331 20
842 406 40
842 412 44
842 787 28
843 21 40
843 29 20
843 35 1
843 91 30
843 328 50
843 523 15
843 693 10
844 21 42
844 29 20
844 35 1
844 91 30
844 130 1
844 328 51
844 523 15
844 693 1
845 31 14
845 37 49
845 55 7
845 56 56
845 64 1
845 65 35
845 291 28
845 365 21
845 562 1
846 31 6
846 38 48
846 44 12
846 64 1
846 242 36
846 291 24
846 453 1
846 710 42
847 31 1
847 38 56
847 44 1
847 64 1
847 242 40
847 291 24
847 453 1
847 675 1
847 710 48
848 51 1
848 562 1
848 609 1
850 21 30
850 35 5
850 44 10
850 52 1
850 83 35
850 172 15
850 242 40
850 450 20
850 679 50
850 680 45
850 682 55
851 21 32
851 35 1
851 44 1
851 52 1
851 83 39
851 172 15
851 242 46
851 450 20
851 517 1
851 679 60
851 680 53
851 682 67
852 20 10
852 66 30
852 249 1
852 276 45
852 280 20
852 364 5
853 20 1
853 66 30
853 190 1
853 249 1
853 276 45
853 280 20
853 364 1
854 72 12
854 202 36
854 247 48
854 310 1
854 389 24
855 72 1
855 202 36
855 247 48
855 310 1
855 389 24
856 60 20
856 93 1
856 94 40
856 574 10
856 605 30
857 60 20
857 93 1
857 94 44
857 574 1
857 605 30
857 693 0
858 60 20
858 93 1
858 94 46
858 427 0
858 574 1
858 605 30
858 693 1
859 44 4
859 252 1
859 372 16
859 389 24
859 399 33
859 492 44
859 583 40
860 44 1
860 252 1
860 372 16
860 389 24
860 399 35
860 492 52
860 583 46
860 793 0
861 44 1
861 252 1
861 359 64
861 372 16
861 389 24
861 399 35
861 492 56
861 583 48
861 612 1
861 789 0
861 793 1
862 29 12
862 33 1
862 36 28
862 38 56
862 42 1
862 66 1
862 122 1
862 154 18
862 238 1
862 400 1
862 555 9
863 6 12
863 10 1
863 37 54
863 154 31
863 163 42
863 232 16
863 252 1
863 442 0
864 33 1
864 246 20
864 310 1
864 408 40
864 506 25
865 21 50
865 64 1
865 210 1
865 249 15
865 280 40
865 282 30
865 348 55
865 413 65
865 660 1
865 693 20
865 794 70
866 1 1
866 24 24
866 60 28
866 93 12
866 94 48
866 196 20
866 229 1
866 389 40
866 420 1
866 573 44
866 605 1
867 21 32
867 89 50
867 247 44
867 310 1
867 421 0
867 506 24
867 693 16
868 33 1
868 577 15
868 605 35
869 33 1
869 577 15
869 605 35
870 29 15
870 33 1
870 224 55
870 249 5
870 370 50
870 660 35
871 31 15
871 55 5
871 61 25
871 64 1
871 84 1
871 209 20
871 398 45
871 435 60
871 716 50
872 181 1
872 522 1
873 59 40
873 62 24
873 181 1
873 196 0
873 405 32
873 522 1
873 611 8
874 23 24
874 25 66
874 34 42
874 88 1
874 157 36
874 317 12
874 444 60
878 23 20
878 33 1
878 70 35
878 91 30
878 205 5
878 249 10
878 276 55
878 442 40
878 523 15
878 583 45
878 667 50
879 23 20
879 33 1
879 70 37
879 91 30
879 205 1
879 249 1
879 276 65
879 442 44
879 523 15
879 583 51
879 667 58
880 21 49
880 23 42
880 33 1
880 84 1
880 246 21
880 332 14
880 365 28
880 406 70
880 407 77
880 435 56
880 525 35
880 754 63
881 21 49
881 59 77
881 84 1
881 181 1
881 246 21
881 365 28
881 419 35
881 435 56
881 497 14
881 556 70
881 573 42
881 754 63
882 23 42
882 33 1
882 44 28
882 55 1
882 225 35
882 242 56
882 246 21
882 406 70
882 407 77
882 693 14
882 755 63
883 44 28
883 55 1
883 59 77
883 181 1
883 196 14
883 242 56
883 246 21
883 556 70
883 573 42
883 755 63
884 63 66
884 232 1
884 249 6
884 337 48
884 430 54
884 525 30
884 784 24
885 44 1
885 98 1
885 310 1
885 611 1
886 36 54
886 38 66
886 44 1
886 98 1
886 310 1
886 369 36
886 372 12
886 387 72
886 406 0
886 407 61
886 458 30
886 506 18
886 566 48
886 611 1
887 36 54
887 38 70
887 44 1
887 98 1
887 225 1
887 310 1
887 369 36
887 372 12
887 387 78
887 389 1
887 407 63
887 458 30
887 506 18
887 566 48
887 611 1
887 751 0
891 29 20
891 223 40
891 249 1
891 264 52
891 280 24
891 332 12
891 370 48
891 442 36
893 10 1
893 20 1
893 22 12
893 37 78
893 44 42
893 154 24
893 359 72
893 369 48
893 412 60
893 438 84
894 37 54
894 63 72
894 84 1
894 85 42
894 153 78
894 192 66
894 229 1
894 245 30
894 246 12
894 351 18
894 527 6
894 819 36
895 11 1
895 37 54
895 44 6
895 63 72
895 153 78
895 225 18
895 239 1
895 242 30
895 246 12
895 337 36
895 359 42
895 820 66
896 23 18
896 24 6
896 33 1
896 36 42
896 37 54
896 38 66
896 419 12
896 556 36
897 23 18
897 24 6
897 33 1
897 36 42
897 37 54
897 38 66
897 247 36
897 506 12